0.9908854365348816
0.9907258152961731
0.9913758039474487
0.9910857081413269
0.9539366960525513
0.10096153616905212
0.9922876358032227
0.9912298321723938
0.9919871687889099
0.09546370804309845
0.9920860528945923
0.11348157376050949
0.991286039352417
0.11348157376050949
0.9915865659713745
0.9911859035491943
0.9897836446762085
0.6359174847602844
0.9908854365348816
0.9898838400840759
0.9918830990791321
0.9506899118423462
0.09575320780277252
0.9855769276618958
0.09546370804309845
0.10096153616905212
0.990361213684082
0.09745592623949051
0.9899839758872986
0.9915322661399841
0.9911859035491943
0.9908685088157654
0.08914262801408768
0.9915865659713745
0.9923878312110901
0.9905849099159241
0.9902844429016113
0.9918870329856873
0.8785055875778198
0.9916802048683167
0.9917816519737244
0.11348157376050949
0.9908854365348816
0.9911729097366333
0.9916802048683167
0.10095373541116714
0.9905849099159241
0.7188501358032227
0.9911859035491943
0.75390625
0.9476460814476013
0.11348157376050949
0.9923878312110901
0.9911859035491943
0.9905849099159241
0.875901460647583
0.10096153616905212
0.9904626607894897
0.08914262801408768
0.4657451808452606
0.10095373541116714
0.8152043223381042
0.9917868375778198
0.9918830990791321
0.9925881624221802
0.9913758039474487
0.9911290407180786
0.9923878312110901
0.8987379670143127
0.9905641078948975
0.7531049847602844
0.9924879670143127
0.9907852411270142
0.11348157376050949
0.9902217984199524
0.9904233813285828
0.9902844429016113
0.9913758039474487
0.99223792552948
0.8930288553237915
0.9910857081413269
0.7477822303771973
0.9909855723381042
0.9924879670143127
0.9910714030265808
0.9910857081413269
0.9914863705635071
0.9917868375778198
0.9916867017745972
0.9917338490486145
0.9918830990791321
0.9909273982048035
0.9917816519737244
0.10095373541116714
0.993100643157959
0.8585737347602844
0.9926882982254028
0.99213707447052
0.9890825152397156
0.991286039352417
0.9923878312110901
0.9914863705635071
0.9920873641967773
0.11348157376050949
0.9917868375778198
0.9915865659713745
0.9921875
0.9915865659713745
0.9523237347602844
0.9922876358032227
0.9899553656578064
0.991431474685669
0.9913758039474487
0.9919871687889099
0.10316506773233414
0.991286039352417
0.9926411509513855
0.9901843070983887
0.9918347001075745
0.1028645858168602
0.11348157376050949
0.9607346057891846
0.10096153616905212
0.9939903616905212
0.9914863705635071
0.10316506773233414
0.842943549156189
0.11348157376050949
0.8664863705635071
0.9907258152961731
0.09546370804309845
0.991286039352417
0.7267628312110901
0.9900841116905212
0.9901209473609924
0.9916867017745972
0.9920873641967773
0.09745592623949051
0.09546370804309845
0.9929887652397156
0.10237418860197067
0.9924879670143127
0.9915865659713745
0.08914262801408768
0.9909855723381042
0.09805689007043839
0.9921875
0.9916867017745972
0.08914262801408768
0.9922889471054077
0.10096153616905212
0.7697849273681641
0.08914262801408768
0.9922876358032227
0.9906851053237915
0.3755040466785431
0.9281851053237915
0.9899839758872986
0.9922876358032227
0.9925881624221802
0.9918870329856873
0.6654647588729858
0.9908854365348816
0.9919871687889099
0.9902597665786743
0.9920860528945923
0.848557710647583
0.9918870329856873
0.11348157376050949
0.11348157376050949
0.11348157376050949
0.9918870329856873
0.9921875
0.9910857081413269
0.9917868375778198
0.99223792552948
0.9919354915618896
0.9918870329856873
0.991431474685669
0.9907670617103577
0.9925881624221802
0.9900841116905212
0.9925933480262756
0.9904626607894897
0.9877804517745972
0.9910857081413269
0.9913862347602844
0.9913758039474487
0.9906655550003052
0.9916802048683167
0.9918830990791321
0.9920860528945923
0.9905849099159241
0.09801136702299118
0.9910857081413269
0.09805689007043839
0.8025841116905212
0.09546370804309845
0.10237418860197067
0.9923878312110901
0.09575320780277252
0.10237418860197067
0.7962662577629089
0.9908854365348816
0.9915322661399841
0.9921875
0.9908685088157654
0.09747983515262604
0.10096153616905212
0.11348157376050949
0.09801136702299118
0.10096153616905212
0.10316506773233414
0.9900568127632141
0.09546370804309845
0.991274356842041
0.09815704822540283
0.8972355723381042
0.9917868375778198
0.8622796535491943
0.10096153616905212
0.1028645858168602
0.9914772510528564
0.9918870329856873
0.9916330575942993
0.991286039352417
0.9921875
0.9909855723381042
0.9917868375778198
0.11348157376050949
0.10096153616905212
0.9928886294364929
0.09546370804309845
0.9915865659713745
0.991286039352417
0.10096153616905212
0.9921875
0.9910282492637634
0.9918870329856873
0.938401460647583
0.9920873641967773
0.9904847741127014
0.9906655550003052
0.9922876358032227
0.09575320780277252
0.9146634340286255
0.10096153616905212
0.9910857081413269
0.09805689007043839
0.9917868375778198
0.11353490501642227
0.9913862347602844
0.9923903942108154
0.9909855723381042
0.9925881624221802
0.9922876358032227
0.9905641078948975
0.9911859035491943
0.8105969429016113
0.9917868375778198
0.9922889471054077
0.9905641078948975
0.9907852411270142
0.9906851053237915
0.9911859035491943
0.9909855723381042
0.9918830990791321
0.9926947951316833
0.9916867017745972
0.99213707447052
0.9923903942108154
0.10237418860197067
0.11488381773233414
0.9925881624221802
0.9909855723381042
0.9923903942108154
0.09805689007043839
0.9923878312110901
0.9915787577629089
0.9925881624221802
0.991286039352417
0.9913862347602844
0.9911729097366333
0.9916867017745972
0.9926882982254028
0.9906851053237915
0.9911729097366333
0.9911859035491943
0.99223792552948
0.09745592623949051
0.8161057829856873
0.9921875
0.9921875
0.993044376373291
0.09801136702299118
0.10316506773233414
0.9919871687889099
0.9918830990791321
0.9921875
0.9911729097366333
0.991431474685669
0.09575320780277252
0.08914262801408768
0.9919871687889099
0.9906851053237915
0.11348157376050949
0.9916867017745972
0.9918870329856873
0.9917338490486145
0.9379006624221802
0.9916867017745972
0.9921875
0.10237418860197067
0.9907852411270142
0.9916330575942993
0.9928886294364929
0.10316506773233414
0.993088960647583
0.9913862347602844
0.09805689007043839
0.9892828464508057
0.9915865659713745
0.10316506773233414
0.9910857081413269
0.9906851053237915
0.990361213684082
0.8844150900840759
0.09805689007043839
0.9919354915618896
0.21023638546466827
0.9922876358032227
0.9907852411270142
0.9908854365348816
0.9906851053237915
0.9920860528945923
0.992943525314331
0.11348157376050949
0.09805689007043839
0.9922876358032227
0.9909273982048035
0.9916867017745972
0.9919871687889099
0.09546370804309845
0.991274356842041
0.991286039352417
0.10096153616905212
0.9926882982254028
0.08914262801408768
0.9914863705635071
0.9234775900840759
0.09575320780277252
0.99223792552948
0.9918870329856873
0.9914863705635071
0.9911290407180786
0.9925881624221802
0.9907852411270142
0.9913862347602844
0.870192289352417
0.9927884340286255
0.9920362830162048
0.8921273946762085
0.9894831776618958
0.9907852411270142
0.991330623626709
0.9902844429016113
0.9885817170143127
0.9925881624221802
0.11348157376050949
0.9911729097366333
0.9919871687889099
0.9911290407180786
0.9922889471054077
0.11348157376050949
0.10096153616905212
0.9917816519737244
0.9909855723381042
0.9919871687889099
0.9921875
0.9909699559211731
0.953125
0.9918830990791321
0.9913862347602844
0.10096153616905212
0.9910282492637634
0.991330623626709
0.9918870329856873
0.9925933480262756
0.9922876358032227
0.9914772510528564
0.9914863705635071
0.9908266067504883
0.9902597665786743
0.9926882982254028
0.9919871687889099
0.9924919009208679
0.9909855723381042
0.991274356842041
0.9916802048683167
0.9901582598686218
0.10096153616905212
0.9925881624221802
0.9918870329856873
0.9923878312110901
0.9921875
0.09546370804309845
0.7156450152397156
0.9910714030265808
0.991330623626709
0.11348157376050949
0.9908854365348816
0.9904847741127014
0.9926947951316833
0.9904847741127014
0.9899839758872986
0.9915865659713745
0.9906655550003052
0.9911859035491943
0.9922876358032227
0.9913862347602844
0.9922889471054077
0.991286039352417
0.9922876358032227
0.9921875
0.9920873641967773
0.9919871687889099
0.9904847741127014
0.10096153616905212
0.11348157376050949
0.9917868375778198
0.9909855723381042
0.9907670617103577
0.9904847741127014
0.9924395084381104
0.9917868375778198
0.11348157376050949
0.9906851053237915
0.9920873641967773
0.11348157376050949
0.9908266067504883
0.9903846383094788
0.9909855723381042
0.11348157376050949
0.991286039352417
0.9904626607894897
0.9904847741127014
0.991431474685669
0.9926882982254028
0.9920860528945923
0.9916802048683167
0.9923878312110901
0.9893830418586731
0.9910857081413269
0.9918347001075745
0.9901843070983887
0.9914863705635071
0.9920873641967773
0.9914863705635071
0.9932020902633667
0.9914863705635071
0.9926882982254028
0.9275841116905212
0.9904847741127014
0.9904847741127014
0.09575320780277252
0.9915865659713745
0.9915865659713745
0.9925881624221802
0.11348157376050949
0.11340726166963577
0.9913758039474487
0.20763221383094788
0.9909699559211731
0.9926882982254028
0.11348157376050949
0.99213707447052
0.9910857081413269
0.9911290407180786
0.10096153616905212
0.9921875
0.993088960647583
0.9906655550003052
0.9917816519737244
0.20783253014087677
0.11348157376050949
0.9926411509513855
0.9918347001075745
0.9904233813285828
0.9904233813285828
0.9913862347602844
0.10096153616905212
0.9921875
0.09575320780277252
0.9926947951316833
0.991274356842041
0.09745592623949051
0.9919871687889099
0.9900568127632141
0.990361213684082
0.9919871687889099
0.992943525314331
0.11348157376050949
0.11348157376050949
0.9919871687889099
0.9918830990791321
0.9919354915618896
0.9908854365348816
0.9919871687889099
0.9931890964508057
0.9915787577629089
0.10237418860197067
0.9918830990791321
0.9906655550003052
0.10316506773233414
0.991286039352417
0.9914772510528564
0.9925933480262756
0.9906851053237915
0.09745592623949051
0.9914863705635071
0.9905849099159241
0.08914262801408768
0.9920362830162048
0.09575320780277252
0.9913758039474487
0.10135957598686218
0.9902844429016113
0.9919871687889099
0.9916330575942993
0.9919871687889099
0.9918870329856873
0.9918870329856873
0.9927884340286255
0.5971554517745972
0.9919871687889099
0.9919354915618896
0.9895833134651184
0.08914262801408768
0.9906250238418579
0.99213707447052
0.9900841116905212
0.09805689007043839
0.9916867017745972
0.9904233813285828
0.9911859035491943
0.9903846383094788
0.9925402998924255
0.9325921535491943
0.9923878312110901
0.9907852411270142
0.9914772510528564
0.9915865659713745
0.9910714030265808
0.9923878312110901
0.11348157376050949
0.990361213684082
0.9910714030265808
0.9918870329856873
0.9911859035491943
0.9914772510528564
0.10237418860197067
0.9923878312110901
0.9918870329856873
0.9918870329856873
0.9919871687889099
0.10096153616905212
0.9924879670143127
0.9917868375778198
0.9917868375778198
0.9905849099159241
0.9899839758872986
0.7590144276618958
0.9920873641967773
0.9917868375778198
0.9917868375778198
0.9916867017745972
0.08944310992956161
0.9914772510528564
0.9937900900840759
0.10096153616905212
0.9926882982254028
0.993088960647583
0.9919871687889099
0.9914772510528564
0.9914863705635071
0.9917868375778198
0.6974158883094788
0.9918870329856873
0.9911290407180786
0.9919871687889099
0.9925881624221802
0.9915322661399841
0.10096153616905212
0.9909855723381042
0.9913758039474487
0.09575320780277252
0.9907852411270142
0.9928886294364929
0.9924919009208679
0.09745592623949051
0.9898838400840759
0.9521104097366333
0.9925933480262756
0.7861578464508057
0.9909855723381042
0.10237418860197067
0.9918870329856873
0.10095373541116714
0.9913758039474487
0.11348157376050949
0.9492943286895752
0.08941531926393509
0.09546370804309845
0.746995210647583
0.09790990501642227
0.9918870329856873
0.09805689007043839
0.9545454382896423
0.9903846383094788
0.9918870329856873
0.10096153616905212
0.9910282492637634
0.9916330575942993
0.9915865659713745
0.9885817170143127
0.9927884340286255
0.9913862347602844
0.991431474685669
0.9919871687889099
0.9917868375778198
0.991286039352417
0.9920873641967773
0.9910857081413269
0.9915865659713745
0.9915865659713745
0.99213707447052
0.9913862347602844
0.10096153616905212
0.11348157376050949
0.9922876358032227
0.9907852411270142
0.9919871687889099
0.9903846383094788
0.9904626607894897
0.11348157376050949
0.9921875
0.9915865659713745
0.1028645858168602
0.9910857081413269
0.9910857081413269
0.9906851053237915
0.9917868375778198
0.9919871687889099
0.9914863705635071
0.9913862347602844
0.08914262801408768
0.9920873641967773
0.9918870329856873
0.9914863705635071
0.10316506773233414
0.9928886294364929
0.9920873641967773
0.10096153616905212
0.09805689007043839
0.9910857081413269
0.9909855723381042
0.8800080418586731
0.9918347001075745
0.09745592623949051
0.09575320780277252
0.8487580418586731
0.9910714030265808
0.9911859035491943
0.9901582598686218
0.9908854365348816
0.9914863705635071
0.9919846057891846
0.991286039352417
0.991286039352417
0.991274356842041
0.09805689007043839
0.9910857081413269
0.993088960647583
0.10096153616905212
0.9910857081413269
0.9883813858032227
0.11348157376050949
0.9907670617103577
0.9890825152397156
0.09575320780277252
0.9929887652397156
0.9919871687889099
0.990524172782898
0.9915865659713745
0.9926882982254028
0.9908854365348816
0.10096153616905212
0.9908685088157654
0.9917868375778198
0.9923903942108154
0.11348157376050949
0.9914863705635071
0.10316506773233414
0.9911859035491943
0.9911729097366333
0.10316506773233414
0.9918870329856873
0.11348157376050949
0.9913862347602844
0.09805689007043839
0.10237418860197067
0.9908266067504883
0.9920860528945923
0.9927884340286255
0.9539262652397156
0.9918870329856873
0.9916867017745972
0.10316506773233414
0.9920873641967773
0.9918870329856873
0.9918870329856873
0.8552684187889099
0.9910857081413269
0.9917816519737244
0.9920873641967773
0.9916802048683167
0.9926882982254028
0.991286039352417
0.9251803159713745
0.09546370804309845
0.9924879670143127
0.9917338490486145
0.9935897588729858
0.991286039352417
0.9921875
0.09805689007043839
0.9917868375778198
0.9921875
0.9563717246055603
0.09805689007043839
0.9910857081413269
0.10096153616905212
0.9920873641967773
0.9916867017745972
0.9919871687889099
0.9893830418586731
0.9918870329856873
0.9909855723381042
0.9907852411270142
0.10757211595773697
0.10096153616905212
0.9896835088729858
0.21284054219722748
0.08914262801408768
0.11348157376050949
0.9923878312110901
0.9907258152961731
0.9927962422370911
0.09805689007043839
0.9902597665786743
0.10096153616905212
0.9568309187889099
0.9909273982048035
0.9917868375778198
0.9902844429016113
0.9917868375778198
0.10237418860197067
0.9889823794364929
0.9913758039474487
0.9916867017745972
0.9916867017745972
0.8766233921051025
0.9924879670143127
0.991286039352417
0.08914262801408768
0.9898838400840759
0.9916867017745972
0.9925881624221802
0.10237418860197067
0.9902844429016113
0.9911290407180786
0.9461137652397156
0.991286039352417
0.10095373541116714
0.09805689007043839
0.99223792552948
0.09745592623949051
0.9923878312110901
0.9921875
0.9932892918586731
0.9906250238418579
0.9911859035491943
0.993044376373291
0.10316506773233414
0.9924879670143127
0.9914772510528564
0.9928886294364929
0.9906851053237915
0.9915865659713745
0.9909273982048035
0.9920873641967773
0.9907852411270142
0.9905849099159241
0.9906851053237915
0.7406851053237915
0.9916802048683167
0.9908854365348816
0.9885817170143127
0.9931890964508057
0.9918830990791321
0.08914262801408768
0.9910857081413269
0.9919354915618896
0.9919846057891846
0.9908854365348816
0.9523237347602844
0.9922889471054077
0.9922889471054077
0.09546370804309845
0.09575320780277252
0.9913758039474487
0.991286039352417
0.991286039352417
0.9908685088157654
0.11348157376050949
0.9910857081413269
0.9910857081413269
0.9909699559211731
0.9915865659713745
0.9915865659713745
0.9914863705635071
0.9898539185523987
0.9916867017745972
0.9922876358032227
0.9913862347602844
0.11348157376050949
0.9914863705635071
0.11353490501642227
0.9902844429016113
0.10096153616905212
0.9927962422370911
0.9919871687889099
0.9887378215789795
0.9903846383094788
0.09805689007043839
0.11348157376050949
0.9920873641967773
0.9914772510528564
0.9484878778457642
0.9529233574867249
0.991274356842041
0.9920873641967773
0.9911729097366333
0.9907258152961731
0.9918830990791321
0.9915322661399841
0.9917868375778198
0.9920873641967773
0.991286039352417
0.9911290407180786
0.11348157376050949
0.9906851053237915
0.10096153616905212
0.09747983515262604
0.9921875
0.9915865659713745
0.9907852411270142
0.9904847741127014
0.9905641078948975
0.9905641078948975
0.9911859035491943
0.9920873641967773
0.9917338490486145
0.09546370804309845
0.9913862347602844
0.9900201559066772
0.993100643157959
0.9933894276618958
0.9924919009208679
0.09815704822540283
0.990361213684082
0.9913862347602844
0.9921875
0.9908685088157654
0.9913862347602844
0.9912298321723938
0.9899839758872986
0.9915865659713745
0.9919871687889099
0.991330623626709
0.9920873641967773
0.9923903942108154
0.9910714030265808
0.9908685088157654
0.9904626607894897
0.9914863705635071
0.9910714030265808
0.9925402998924255
0.9921875
0.9910857081413269
0.10237418860197067
0.9903846383094788
0.09805689007043839
0.9922876358032227
0.9911290407180786
0.9921875
0.10316506773233414
0.9911290407180786
0.9928886294364929
0.9915865659713745
0.9914863705635071
0.9906250238418579
0.9923878312110901
0.10095373541116714
0.9923878312110901
0.9907852411270142
0.9909855723381042
0.9910857081413269
0.9908685088157654
0.9919871687889099
0.10096153616905212
0.11348157376050949
0.9913758039474487
0.9918830990791321
0.9924919009208679
0.9914863705635071
0.9902844429016113
0.9913862347602844
0.10095373541116714
0.7039262652397156
0.991330623626709
0.9914772510528564
0.5636017918586731
0.1028645858168602
0.10316506773233414
0.8257211446762085
0.9929887652397156
0.8057892918586731
0.99223792552948
0.1158854141831398
0.09805689007043839
0.09805689007043839
0.9916802048683167
0.9500811696052551
0.11348157376050949
0.9915322661399841
0.9914863705635071
0.9926882982254028
0.11348157376050949
0.991286039352417
0.9905849099159241
0.991274356842041
0.9911859035491943
0.9915865659713745
0.9922876358032227
0.9909855723381042
0.10096153616905212
0.9927884340286255
0.10096153616905212
0.09546370804309845
0.9529246687889099
0.8774350881576538
0.9906851053237915
0.9920873641967773
0.9919871687889099
0.11348157376050949
0.9917868375778198
0.9897836446762085
0.11340726166963577
0.9925881624221802
0.9908685088157654
0.9919871687889099
0.9918870329856873
0.9913862347602844
0.09546370804309845
0.10096153616905212
0.9925881624221802
0.9915865659713745
0.09815704822540283
0.991286039352417
0.9907852411270142
0.9915865659713745
0.9926882982254028
0.11348157376050949
0.09575320780277252
0.9898838400840759
0.9915865659713745
0.9931890964508057
0.11348157376050949
0.11348157376050949
0.991286039352417
0.9915865659713745
0.09546370804309845
0.9909855723381042
0.9898539185523987
0.9918870329856873
0.9911859035491943
0.10096153616905212
0.9915322661399841
0.9922876358032227
0.9907670617103577
0.9931890964508057
0.9923878312110901
0.11348157376050949
0.9901209473609924
0.9918870329856873
0.11348157376050949
0.9906851053237915
0.8774038553237915
0.991286039352417
0.9914863705635071
0.991274356842041
0.11348157376050949
0.9910857081413269
0.9840745329856873
0.9903846383094788
0.9916867017745972
0.9911290407180786
0.10316506773233414
0.9913862347602844
0.9914772510528564
0.9919871687889099
0.11348157376050949
0.10096153616905212
0.8929286599159241
0.9917868375778198
0.9896835088729858
0.10095373541116714
0.9915865659713745
0.9928427338600159
0.9917868375778198
0.9906851053237915
0.9929887652397156
0.9929887652397156
0.08914262801408768
0.9920873641967773
0.9908685088157654
0.990524172782898
0.10237418860197067
0.9896835088729858
0.09546370804309845
0.9310483932495117
0.09745592623949051
0.09745592623949051
0.9906655550003052
0.9897836446762085
0.9905849099159241
0.9928886294364929
0.10096153616905212
0.9922876358032227
0.09805689007043839
0.9913862347602844
0.9927884340286255
0.991286039352417
0.9923387169837952
0.10096153616905212
0.9919871687889099
0.8535656929016113
0.991431474685669
0.11348157376050949
0.10237418860197067
0.9908685088157654
0.09805689007043839
0.9913862347602844
0.9911729097366333
0.10096153616905212
0.99223792552948
0.11348157376050949
0.9916867017745972
0.09546370804309845
0.9408053159713745
0.9912298321723938
0.09801136702299118
0.9929887652397156
0.943486213684082
0.11348157376050949
0.9923878312110901
0.9914772510528564
0.10237418860197067
0.9922876358032227
0.10406650602817535
0.9925881624221802
0.9921875
0.99213707447052
0.9922876358032227
0.9910857081413269
0.10237418860197067
0.08914262801408768
0.9918830990791321
0.9918870329856873
0.991274356842041
0.9918870329856873
0.9911729097366333
0.9918870329856873
0.9916867017745972
0.9910857081413269
0.9916867017745972
0.9920873641967773
0.9348958134651184
0.9533278942108154
0.08914262801408768
0.9899839758872986
0.09745592623949051
0.9910857081413269
0.954951286315918
0.9920873641967773
0.09575320780277252
0.9904847741127014
0.9904626607894897
0.9005408883094788
0.9928427338600159
0.08914262801408768
0.9903846383094788
0.11348157376050949
0.993100643157959
0.9920362830162048
0.3052884638309479
0.9908854365348816
0.09745592623949051
0.08914262801408768
0.9915865659713745
0.9920362830162048
0.9920873641967773
0.9922876358032227
0.9918870329856873
0.10096153616905212
0.9928886294364929
0.31330129504203796
0.9918830990791321
0.8501420617103577
0.9905641078948975
0.11348157376050949
0.8539314270019531
0.9916867017745972
0.9914863705635071
0.8714944124221802
0.991330623626709
0.9922876358032227
0.9917868375778198
0.9910857081413269
0.9908854365348816
0.9914772510528564
0.9914772510528564
0.9917868375778198
0.9914863705635071
0.9271835088729858
0.11348157376050949
0.9922876358032227
0.9915322661399841
0.9914863705635071
0.08914262801408768
0.9917816519737244
0.9925881624221802
0.9923878312110901
0.10316506773233414
0.9911859035491943
0.9436891078948975
0.9917868375778198
0.11348157376050949
0.9913862347602844
0.9927884340286255
0.9917868375778198
0.9905641078948975
0.09546370804309845
0.9899839758872986
0.8914366960525513
0.9918870329856873
0.10096153616905212
0.09805689007043839
0.9905849099159241
0.9902844429016113
0.09575320780277252
0.10095373541116714
0.10096153616905212
0.10237418860197067
0.08914262801408768
0.9908854365348816
0.9924919009208679
0.9918870329856873
0.9425080418586731
0.9911859035491943
0.10096153616905212
0.09745592623949051
0.8045362830162048
0.9918830990791321
0.09546370804309845
0.09815704822540283
0.9916867017745972
0.08914262801408768
0.08914262801408768
0.9908854365348816
0.9403044581413269
0.10095373541116714
0.9890825152397156
0.08914262801408768
0.9920873641967773
0.9915865659713745
0.991286039352417
0.9907852411270142
0.9907852411270142
0.991286039352417
0.08914262801408768
0.9488636255264282
0.9902844429016113
0.9922876358032227
0.9919871687889099
0.9918870329856873
0.9928427338600159
0.9916867017745972
0.9907670617103577
0.1028645858168602
0.9911859035491943
0.09546370804309845
0.9916867017745972
0.9917868375778198
0.11348157376050949
0.9916802048683167
0.09546370804309845
0.9909699559211731
0.9922876358032227
0.9902597665786743
0.9907258152961731
0.09575320780277252
0.8597808480262756
0.9913862347602844
0.9922876358032227
0.9913862347602844
0.09655448794364929
0.9922876358032227
0.9919354915618896
0.9918870329856873
0.09805689007043839
0.9919871687889099
0.9919871687889099
0.9906851053237915
0.11348157376050949
0.9909273982048035
0.9908685088157654
0.9907258152961731
0.9910714030265808
0.9917868375778198
0.10095373541116714
0.99213707447052
0.9911859035491943
0.9928427338600159
0.9922876358032227
0.734375
0.9919354915618896
0.9914772510528564
0.991274356842041
0.9917868375778198
0.9920362830162048
0.8009815812110901
0.991274356842041
0.9913862347602844
0.990361213684082
0.9913758039474487
0.9920873641967773
0.9929887652397156
0.9911729097366333
0.9913862347602844
0.9913862347602844
0.9917868375778198
0.9914863705635071
0.9923903942108154
0.991286039352417
0.9919871687889099
0.10316506773233414
0.11348157376050949
0.9912298321723938
0.9250801205635071
0.10316506773233414
0.9918870329856873
0.9913862347602844
0.9916802048683167
0.9926882982254028
0.9903846383094788
0.08914262801408768
0.9916867017745972
0.9922876358032227
0.9026442170143127
0.09546370804309845
0.11348157376050949
0.11348157376050949
0.08914262801408768
0.9922876358032227
0.9928427338600159
0.10316506773233414
0.9905849099159241
0.9908854365348816
0.09546370804309845
0.9902844429016113
0.991286039352417
0.9903846383094788
0.991330623626709
0.9923878312110901
0.9910857081413269
0.9910857081413269
0.9921875
0.10095373541116714
0.9901843070983887
0.9911859035491943
0.10095373541116714
0.9913862347602844
0.993088960647583
0.11348157376050949
0.9906250238418579
0.11353490501642227
0.9913758039474487
0.9926947951316833
0.9908685088157654
0.9910714030265808
0.9896835088729858
0.9929887652397156
0.9924879670143127
0.11348157376050949
0.9913758039474487
0.9916802048683167
0.9913862347602844
0.991274356842041
0.9931890964508057
0.9909855723381042
0.09575320780277252
0.8802759647369385
0.10095373541116714
0.9901843070983887
0.9919871687889099
0.9922876358032227
0.9888392686843872
0.9921875
0.9910857081413269
0.9917868375778198
0.9912298321723938
0.9910857081413269
0.9910714030265808
0.991286039352417
0.8724960088729858
0.7455357313156128
0.9925402998924255
0.9911859035491943
0.9915787577629089
0.7827621102333069
0.987379789352417
0.9018871784210205
0.9913758039474487
0.9919871687889099
0.9919871687889099
0.9895833134651184
0.9915865659713745
0.09805689007043839
0.9625400900840759
0.9906851053237915
0.9914863705635071
0.991286039352417
0.9447580575942993
0.9910282492637634
0.9914772510528564
0.9907670617103577
0.11348157376050949
0.10096153616905212
0.9920873641967773
0.9921875
0.10316506773233414
0.9919871687889099
0.9915322661399841
0.9929887652397156
0.09801136702299118
0.6662660241127014
0.9911859035491943
0.9910857081413269
0.9911859035491943
0.09815704822540283
0.9904626607894897
0.9916867017745972
0.9912298321723938
0.991330623626709
0.9922876358032227
0.10316506773233414
0.9916867017745972
0.9897836446762085
0.9904847741127014
0.991274356842041
0.9907258152961731
0.9904847741127014
0.09745592623949051
0.9922876358032227
0.9914772510528564
0.9913862347602844
0.9910857081413269
0.9925933480262756
0.9909699559211731
0.9910714030265808
0.9923387169837952
0.9926882982254028
0.08914262801408768
0.9910714030265808
0.9917816519737244
0.9918870329856873
0.9920873641967773
0.9913862347602844
0.09575320780277252
0.11348157376050949
0.9901843070983887
0.9913862347602844
0.9901843070983887
0.9922876358032227
0.9923903942108154
0.7388104796409607
0.15454727411270142
0.9019430875778198
0.9911859035491943
0.9904626607894897
0.9898838400840759
0.10316506773233414
0.08914262801408768
0.9915865659713745
0.9923903942108154
0.9920362830162048
0.9908266067504883
0.9921875
0.9921875
0.9918347001075745
0.09805689007043839
0.9911290407180786
0.9908685088157654
0.9918830990791321
0.9908854365348816
0.9906851053237915
0.9917816519737244
0.10282257944345474
0.9920873641967773
0.9918870329856873
0.9909855723381042
0.9921875
0.9910857081413269
0.7586137652397156
0.10136217623949051
0.10237418860197067
0.9921875
0.9918870329856873
0.9913862347602844
0.9918870329856873
0.9918830990791321
0.9907670617103577
0.9916802048683167
0.09805689007043839
0.803774356842041
0.9518229365348816
0.9926882982254028
0.987379789352417
0.9923878312110901
0.11348157376050949
0.09805689007043839
0.9910714030265808
0.9918830990791321
0.08914262801408768
0.9910857081413269
0.9924879670143127
0.09546370804309845
0.09815704822540283
0.9925881624221802
0.991286039352417
0.9900841116905212
0.9922889471054077
0.9919846057891846
0.9917338490486145
0.9921875
0.09815704822540283
0.9894831776618958
0.9911859035491943
0.9914863705635071
0.9908854365348816
0.9918870329856873
0.08914262801408768
0.9929887652397156
0.9913862347602844
0.11348157376050949
0.9922876358032227
0.9922876358032227
0.9919846057891846
0.9908854365348816
0.9907852411270142
0.9909855723381042
0.9916867017745972
0.9913758039474487
0.9916867017745972
0.9923878312110901
0.11348157376050949
0.9903846383094788
0.10316506773233414
0.9916867017745972
0.9920860528945923
0.9916802048683167
0.10237418860197067
0.9914863705635071
0.09546370804309845
0.9927884340286255
0.9934895634651184
0.9888821840286255
0.9909855723381042
0.9909699559211731
0.9928886294364929
0.9918870329856873
0.9917868375778198
0.1028645858168602
0.9922876358032227
0.9925881624221802
0.9904847741127014
0.09745592623949051
0.9917868375778198
0.9904626607894897
0.9927884340286255
0.9923878312110901
0.9911859035491943
0.9920873641967773
0.9914863705635071
0.9919871687889099
0.9924395084381104
0.9917816519737244
0.9922889471054077
0.9902844429016113
0.9903846383094788
0.9915322661399841
0.9916802048683167
0.9926882982254028
0.11348157376050949
0.9910857081413269
0.9919846057891846
0.9917868375778198
0.9914772510528564
0.9909855723381042
0.9898838400840759
0.9918830990791321
0.9909699559211731
0.9324596524238586
0.9915787577629089
0.9903846383094788
0.9913862347602844
0.9927884340286255
0.9897836446762085
0.9927962422370911
0.9918870329856873
0.10096153616905212
0.09805689007043839
0.08914262801408768
0.993088960647583
0.9933894276618958
0.9914863705635071
0.11348157376050949
0.991274356842041
0.09546370804309845
0.9910857081413269
0.9919871687889099
0.9919846057891846
0.9907852411270142
0.3927556872367859
0.9910857081413269
0.9919871687889099
0.9910857081413269
0.9919871687889099
0.9908685088157654
0.9929887652397156
0.9915865659713745
0.7060296535491943
0.9918347001075745
0.08914262801408768
0.09730113297700882
0.11348157376050949
0.6946113705635071
0.9899839758872986
0.9870793223381042
0.9914772510528564
0.9933894276618958
0.9918870329856873
0.09745592623949051
0.9917868375778198
0.7532051205635071
0.10237418860197067
0.9919871687889099
0.9913862347602844
0.991286039352417
0.9908854365348816
0.9921875
0.10237418860197067
0.9918870329856873
0.9906851053237915
0.09805689007043839
0.9914863705635071
0.9911859035491943
0.9920873641967773
0.9917868375778198
0.9920873641967773
0.9916802048683167
0.9910857081413269
0.09805689007043839
0.9906851053237915
0.11348157376050949
0.9924879670143127
0.9921875
0.991274356842041
0.10316506773233414
0.9918870329856873
0.9904847741127014
0.9911859035491943
0.10316506773233414
0.9918870329856873
0.11348157376050949
0.11348157376050949
0.9919354915618896
0.9902844429016113
0.9922876358032227
0.10316506773233414
0.9918870329856873
0.991274356842041
0.9894831776618958
0.10316506773233414
0.9909855723381042
0.9909699559211731
0.9908854365348816
0.9909699559211731
0.09855769574642181
0.09745592623949051
0.991286039352417
0.9913758039474487
0.09805689007043839
0.9911859035491943
0.09575320780277252
0.9921875
0.9836738705635071
0.11348157376050949
0.9910857081413269
0.9917338490486145
0.9911859035491943
0.9915865659713745
0.9926411509513855
0.9925881624221802
0.991286039352417
0.11348157376050949
0.11348157376050949
0.9915865659713745
0.9908854365348816
0.09546370804309845
0.99213707447052
0.9897836446762085
0.09805689007043839
0.9324919581413269
0.991330623626709
0.10316506773233414
0.9922876358032227
0.9921875
0.9900568127632141
0.9921875
0.9908266067504883
0.9917868375778198
0.9911859035491943
0.9914772510528564
0.9919871687889099
0.9912298321723938
0.9897177219390869
0.991286039352417
0.991286039352417
0.991286039352417
0.9911859035491943
0.9184695482254028
0.9924879670143127
0.9917868375778198
0.9924879670143127
0.9915865659713745
0.9924879670143127
0.9916867017745972
0.9905849099159241
0.9924879670143127
0.9913758039474487
0.9921875
0.9938902258872986
0.9905849099159241
0.9913758039474487
0.991330623626709
0.8426339030265808
0.991286039352417
0.9904847741127014
0.9923878312110901
0.8912259340286255
0.10096153616905212
0.993088960647583
0.11348157376050949
0.9911859035491943
0.9920873641967773
0.9915787577629089
0.10096153616905212
0.09575320780277252
0.9929887652397156
0.9919871687889099
0.11348157376050949
0.890625
0.9918870329856873
0.9915865659713745
0.9919871687889099
0.9393028616905212
0.9908854365348816
0.9939903616905212
0.9920873641967773
0.9925881624221802
0.9907852411270142
0.9917868375778198
0.8585633039474487
0.9924879670143127
0.9902844429016113
0.9925881624221802
0.9916867017745972
0.9902844429016113
0.9932892918586731
0.9915865659713745
0.9918870329856873
0.09575320780277252
0.99213707447052
0.9892828464508057
0.9920362830162048
0.9905641078948975
0.9898838400840759
0.9915865659713745
0.9920873641967773
0.9918830990791321
0.9887820482254028
0.9923878312110901
0.09805689007043839
0.9917868375778198
0.09745592623949051
0.9916867017745972
0.9919871687889099
0.08914262801408768
0.9915865659713745
0.953125
0.9914863705635071
0.9910714030265808
0.9919354915618896
0.09805689007043839
0.9914772510528564
0.08914262801408768
0.9443109035491943
0.09575320780277252
0.9916867017745972
0.09805689007043839
0.9463270902633667
0.9922876358032227
0.10096153616905212
0.895698070526123
0.8477563858032227
0.09575320780277252
0.11348157376050949
0.9923878312110901
0.8092948794364929
0.9897836446762085
0.09546370804309845
0.9907670617103577
0.9901582598686218
0.09805689007043839
0.9909699559211731
0.9906851053237915
0.9915865659713745
0.11348157376050949
0.10095373541116714
0.9911729097366333
0.10095373541116714
0.9919354915618896
0.9918830990791321
0.9908685088157654
0.9924879670143127
0.10096153616905212
0.9915865659713745
0.1026785746216774
0.9923878312110901
0.8107972741127014
0.99213707447052
0.9916867017745972
0.9914863705635071
0.8059476017951965
0.9908685088157654
0.860276460647583
0.9914863705635071
0.9913862347602844
0.9919871687889099
0.9902844429016113
0.9910282492637634
0.10096153616905212
0.9916867017745972
0.9915322661399841
0.9916867017745972
0.09805689007043839
0.9921875
0.9903846383094788
0.9910857081413269
0.9909855723381042
0.991286039352417
0.10237418860197067
0.9910857081413269
0.9908854365348816
0.8780438303947449
0.7301682829856873
0.1028645858168602
0.09546370804309845
0.9372971057891846
0.08914262801408768
0.990361213684082
0.9915865659713745
0.993088960647583
0.10316506773233414
0.10338880121707916
0.9923903942108154
0.9910857081413269
0.09546370804309845
0.9921875
0.09745592623949051
0.10096153616905212
0.9907852411270142
0.9909855723381042
0.9900568127632141
0.9924919009208679
0.9922876358032227
0.9918830990791321
0.09745592623949051
0.09790990501642227
0.9897524118423462
0.9921875
0.9915787577629089
0.10096153616905212
0.9915787577629089
0.9911859035491943
0.8248196840286255
0.992943525314331
0.5247395634651184
0.99213707447052
0.7002203464508057
0.11353490501642227
0.9916330575942993
0.9917868375778198
0.9915322661399841
0.9906851053237915
0.9921875
0.9915865659713745
0.11348157376050949
0.9922876358032227
0.9918870329856873
0.9904847741127014
0.9915865659713745
0.9917868375778198
0.9925881624221802
0.9908854365348816
0.9914863705635071
0.9903846383094788
0.09805689007043839
0.9915865659713745
0.9910282492637634
0.9915787577629089
0.9906851053237915
0.8798387050628662
0.09575320780277252
0.9268830418586731
0.10096153616905212
0.9917868375778198
0.73046875
0.9905849099159241
0.11348157376050949
0.9922876358032227
0.9915787577629089
0.9917868375778198
0.08914262801408768
0.9915787577629089
0.09805689007043839
0.10096153616905212
0.10237418860197067
0.10316506773233414
0.9928886294364929
0.10237418860197067
0.09575320780277252
0.10237418860197067
0.9904847741127014
0.9916330575942993
0.9915787577629089
0.11348157376050949
0.9910714030265808
0.9913862347602844
0.10237418860197067
0.9908685088157654
0.9929887652397156
0.9925881624221802
0.9915865659713745
0.9523133039474487
0.9922889471054077
0.9918870329856873
0.9911859035491943
0.9920873641967773
0.9917816519737244
0.9909273982048035
0.9895833134651184
0.10096153616905212
0.9539262652397156
0.993088960647583
0.776442289352417
0.9922876358032227
0.11353490501642227
0.10096153616905212
0.09805689007043839
0.11348157376050949
0.10237418860197067
0.9906851053237915
0.9911729097366333
0.6883012652397156
0.9900841116905212
0.9910857081413269
0.11348157376050949
0.9913862347602844
0.991286039352417
0.9914863705635071
0.9911290407180786
0.11348157376050949
0.9916802048683167
0.9908854365348816
0.8459535241127014
0.9913862347602844
0.9908266067504883
0.10316506773233414
0.9919354915618896
0.991286039352417
0.10096153616905212
0.9903846383094788
0.9903846383094788
0.9927884340286255
0.9928886294364929
0.9923903942108154
0.9917868375778198
0.8748985528945923
0.9908854365348816
0.9913862347602844
0.9910857081413269
0.9905641078948975
0.10095373541116714
0.9916867017745972
0.9921875
0.9916867017745972
0.9915787577629089
0.990361213684082
0.9922876358032227
0.9901582598686218
0.8779233694076538
0.10096153616905212
0.9915865659713745
0.9915322661399841
0.8016436696052551
0.9910282492637634
0.9925881624221802
0.9920362830162048
0.9919871687889099
0.9921875
0.9924879670143127
0.9905849099159241
0.11348157376050949
0.991286039352417
0.9908854365348816
0.9920860528945923
0.9902844429016113
0.9897836446762085
0.10096153616905212
0.9906655550003052
0.9911290407180786
0.99213707447052
0.9902217984199524
0.9911859035491943
0.9926882982254028
0.10096153616905212
0.9900841116905212
0.9901843070983887
0.9899839758872986
0.9905641078948975
0.9889823794364929
0.9919871687889099
0.9911729097366333
0.11348157376050949
0.9917338490486145
0.09546370804309845
0.9924879670143127
0.9911859035491943
0.9916330575942993
0.11348157376050949
0.09805689007043839
0.9914863705635071
0.9928886294364929
0.9893830418586731
0.09805689007043839
0.92578125
0.9915787577629089
0.09805689007043839
0.9918870329856873
0.9919846057891846
0.10237418860197067
0.6729767918586731
0.9918347001075745
0.9918870329856873
0.9910857081413269
0.11348157376050949
0.9916867017745972
0.991286039352417
0.9915865659713745
0.9909273982048035
0.9906851053237915
0.6733773946762085
0.991431474685669
0.9915865659713745
0.9910282492637634
0.9907258152961731
0.7978830933570862
0.9913862347602844
0.9915322661399841
0.10237418860197067
0.8498597741127014
0.9904847741127014
0.9916867017745972
0.9926882982254028
0.9904847741127014
0.991286039352417
0.9911729097366333
0.9933894276618958
0.9928886294364929
0.9375
0.9917868375778198
0.09745592623949051
0.09745592623949051
0.9923878312110901
0.9903846383094788
0.09546370804309845
0.9920873641967773
0.9919871687889099
0.9908685088157654
0.9918870329856873
0.9903846383094788
0.09745592623949051
0.9904626607894897
0.9928886294364929
0.9916802048683167
0.9924395084381104
0.9907670617103577
0.9913862347602844
0.9916867017745972
0.10316506773233414
0.10316506773233414
0.9902597665786743
0.9904847741127014
0.9920860528945923
0.9913862347602844
0.9904233813285828
0.9903846383094788
0.11378204822540283
0.9892828464508057
0.10096153616905212
0.9924879670143127
0.9925881624221802
0.991274356842041
0.9916802048683167
0.9925933480262756
0.09745592623949051
0.09790990501642227
0.9910714030265808
0.9917868375778198
0.9925881624221802
0.9905849099159241
0.9018871784210205
0.9888821840286255
0.991286039352417
0.991330623626709
0.10096153616905212
0.9581330418586731
0.09745592623949051
0.9921875
0.11348157376050949
0.9924919009208679
0.9894831776618958
0.10316506773233414
0.08914262801408768
0.9921875
0.9902844429016113
0.9922889471054077
0.9911290407180786
0.9911729097366333
0.10316506773233414
0.10316506773233414
0.09575320780277252
0.10096153616905212
0.9917338490486145
0.9910857081413269
0.9897524118423462
0.9905849099159241
0.9923387169837952
0.9913862347602844
0.9920873641967773
0.9919871687889099
0.09575320780277252
0.991286039352417
0.09546370804309845
0.9904626607894897
0.9925881624221802
0.9920362830162048
0.991286039352417
0.9913862347602844
0.9917868375778198
0.9925881624221802
0.9906655550003052
0.11348157376050949
0.9902597665786743
0.9891436696052551
0.9921875
0.9910857081413269
0.9906851053237915
0.9917868375778198
0.8269074559211731
0.9916867017745972
0.9919846057891846
0.991431474685669
0.9914863705635071
0.09575320780277252
0.9902597665786743
0.7639222741127014
0.9907852411270142
0.9914863705635071
0.9925881624221802
0.9921875
0.09801136702299118
0.9910714030265808
0.9918347001075745
0.10096153616905212
0.09805689007043839
0.9924879670143127
0.08914262801408768
0.9913862347602844
0.10316506773233414
0.08914262801408768
0.9904233813285828
0.9919871687889099
0.9920873641967773
0.9895161390304565
0.9914772510528564
0.9920873641967773
0.09805689007043839
0.9918870329856873
0.9909855723381042
0.9920873641967773
0.09575320780277252
0.9927884340286255
0.9906851053237915
0.9907852411270142
0.9915865659713745
0.8690905570983887
0.991330623626709
0.9909699559211731
0.10096153616905212
0.991274356842041
0.9902844429016113
0.9908854365348816
0.9910714030265808
0.9918870329856873
0.991286039352417
0.10096153616905212
0.9910857081413269
0.9360977411270142
0.993088960647583
0.9923878312110901
0.9910857081413269
0.9934895634651184
0.9925402998924255
0.9918830990791321
0.7519030570983887
0.9917816519737244
0.9920362830162048
0.9925881624221802
0.9899193644523621
0.9921875
0.9906851053237915
0.9913862347602844
0.9904626607894897
0.9921875
0.9922876358032227
0.9913862347602844
0.09805689007043839
0.9910282492637634
0.990524172782898
0.09745592623949051
0.991286039352417
0.9920873641967773
0.9905849099159241
0.9916867017745972
0.10316506773233414
0.9916802048683167
0.10316506773233414
0.9920873641967773
0.9897836446762085
0.9925881624221802
0.10095373541116714
0.19054383039474487
0.9917868375778198
0.11348157376050949
0.08914262801408768
0.9910857081413269
0.9904847741127014
0.9908685088157654
0.10096153616905212
0.9908266067504883
0.9914863705635071
0.9907852411270142
0.9921875
0.10096153616905212
0.991286039352417
0.9922876358032227
0.9925881624221802
0.9913862347602844
0.9921875
0.9906655550003052
0.9907852411270142
0.9915865659713745
0.9916867017745972
0.10316506773233414
0.9910714030265808
0.9908266067504883
0.11348157376050949
0.09815704822540283
0.9900841116905212
0.9909855723381042
0.9367897510528564
0.9916867017745972
0.9906851053237915
0.9913862347602844
0.991286039352417
0.9921875
0.9911729097366333
0.9927884340286255
0.9904847741127014
0.09805689007043839
0.9918870329856873
0.9918830990791321
0.9915865659713745
0.9913862347602844
0.9897836446762085
0.991286039352417
0.9904626607894897
0.9880809187889099
0.9925881624221802
0.991286039352417
0.992943525314331
0.9910857081413269
0.9917868375778198
0.9916867017745972
0.9911859035491943
0.9913862347602844
0.9914863705635071
0.9914863705635071
0.9908266067504883
0.9928886294364929
0.9915865659713745
0.9922876358032227
0.9915865659713745
0.10316506773233414
0.9925881624221802
0.9911859035491943
0.9904626607894897
0.09546370804309845
0.9924879670143127
0.991286039352417
0.9906851053237915
0.9913862347602844
0.9915787577629089
0.9901843070983887
0.9915787577629089
0.9927884340286255
0.9914863705635071
0.9911729097366333
0.9893465638160706
0.9902597665786743
0.10237418860197067
0.9921875
0.8969351053237915
0.9909855723381042
0.9901582598686218
0.9576907753944397
0.9901843070983887
0.10316506773233414
0.9913862347602844
0.9429435729980469
0.10096153616905212
0.9924879670143127
0.9484174847602844
0.9916867017745972
0.9336938858032227
0.9915865659713745
0.9910857081413269
0.9919871687889099
0.11340726166963577
0.9235777258872986
0.9916867017745972
0.9904847741127014
0.991286039352417
0.990524172782898
0.9909855723381042
0.11348157376050949
0.09745592623949051
0.9927884340286255
0.9909855723381042
0.9922876358032227
0.9914772510528564
0.10096153616905212
0.9915787577629089
0.991274356842041
0.10096153616905212
0.9907670617103577
0.9917868375778198
0.9904626607894897
0.9922876358032227
0.9904847741127014
0.10237418860197067
0.9435096383094788
0.9920873641967773
0.10095373541116714
0.9924879670143127
0.08914262801408768
0.9929991960525513
0.993088960647583
0.9915865659713745
0.9921875
0.19571314752101898
0.9910282492637634
0.9916802048683167
0.9917338490486145
0.9918347001075745
0.9906655550003052
0.990361213684082
0.11348157376050949
0.9914863705635071
0.9911729097366333
0.99223792552948
0.9905641078948975
0.9916802048683167
0.9924879670143127
0.9923878312110901
0.10237418860197067
0.9891436696052551
0.9932892918586731
0.9921875
0.9920873641967773
0.10095373541116714
0.9915865659713745
0.9919871687889099
0.9922876358032227
0.10095373541116714
0.38461539149284363
0.9909855723381042
0.09575320780277252
0.9906851053237915
0.09546370804309845
0.9892828464508057
0.9910714030265808
0.9917868375778198
0.9918870329856873
0.9923903942108154
0.9906851053237915
0.10095373541116714
0.9920860528945923
0.9925881624221802
0.9054487347602844
0.9910857081413269
0.9906250238418579
0.9921875
0.9914863705635071
0.08914262801408768
0.9922876358032227
0.9904847741127014
0.9916802048683167
0.9907852411270142
0.9902597665786743
0.9904847741127014
0.08914262801408768
0.9927884340286255
0.9897177219390869
0.991330623626709
0.9918870329856873
0.9925933480262756
0.9914863705635071
0.9917338490486145
0.9913862347602844
0.9916802048683167
0.9915322661399841
0.9913758039474487
0.9927419424057007
0.9922876358032227
0.9914863705635071
0.9908854365348816
0.9914772510528564
0.9924879670143127
0.99213707447052
0.9909855723381042
0.10316506773233414
0.9919871687889099
0.9934895634651184
0.9913862347602844
0.9913862347602844
0.9916867017745972
0.9921875
0.9923878312110901
0.8339717984199524
0.9911290407180786
0.09805689007043839
0.09546370804309845
0.9518060088157654
0.9909855723381042
0.9911729097366333
0.9862780570983887
0.9922876358032227
0.9916867017745972
0.9919871687889099
0.9915787577629089
0.9906655550003052
0.9902844429016113
0.10237418860197067
0.9412540793418884
0.9916802048683167
0.9914863705635071
0.926682710647583
0.9924879670143127
0.9904626607894897
0.9917868375778198
0.9915787577629089
0.9910857081413269
0.9910714030265808
0.09546370804309845
0.9902217984199524
0.9914863705635071
0.9916330575942993
0.9897836446762085
0.11348157376050949
0.9904847741127014
0.991286039352417
0.991286039352417
0.9917816519737244
0.9909855723381042
0.9922876358032227
0.9917868375778198
0.991431474685669
0.9916802048683167
0.9919871687889099
0.990524172782898
0.991286039352417
0.9919846057891846
0.11348157376050949
0.9913758039474487
0.9924919009208679
0.09745592623949051
0.9913862347602844
0.9913758039474487
0.11348157376050949
0.09745592623949051
0.9907670617103577
0.9908854365348816
0.991274356842041
0.9920860528945923
0.9921875
0.9923878312110901
0.9915865659713745
0.9901843070983887
0.09805689007043839
0.9920873641967773
0.9903846383094788
0.9918870329856873
0.09805689007043839
0.08914262801408768
0.8973357081413269
0.11348157376050949
0.10095373541116714
0.9920873641967773
0.9902844429016113
0.08914262801408768
0.9910857081413269
0.9925881624221802
0.9913862347602844
0.9923878312110901
0.9897524118423462
0.9915865659713745
0.991330623626709
0.9917868375778198
0.9901843070983887
0.8188920617103577
0.9630681872367859
0.9921875
0.9922876358032227
0.09546370804309845
0.09745592623949051
0.1028645858168602
0.08914262801408768
0.09790990501642227
0.10316506773233414
0.08914262801408768
0.9908854365348816
0.9901843070983887
0.9918347001075745
0.9917868375778198
0.9906851053237915
0.10096153616905212
0.9922876358032227
0.9904233813285828
0.9906851053237915
0.9923878312110901
0.9907852411270142
0.9915865659713745
0.9920362830162048
0.9916867017745972
0.10095373541116714
0.9908685088157654
0.1028645858168602
0.9919871687889099
0.10316506773233414
0.4945913553237915
0.9914863705635071
0.10316506773233414
0.08914262801408768
0.9917868375778198
0.9925881624221802
0.09790990501642227
0.9904626607894897
0.9918870329856873
0.9906851053237915
0.9908854365348816
0.09546370804309845
0.9927884340286255
0.10237418860197067
0.9911859035491943
0.10237418860197067
0.9911859035491943
0.991286039352417
0.9929991960525513
0.9908854365348816
0.9914863705635071
0.9417067170143127
0.9911729097366333
0.9914863705635071
0.9911859035491943
0.9919871687889099
0.9928886294364929
0.09815704822540283
0.9909855723381042
0.9924919009208679
0.9916867017745972
0.9918830990791321
0.9924879670143127
0.9919354915618896
0.9917868375778198
0.9913758039474487
0.9907852411270142
0.1028645858168602
0.9922876358032227
0.9917338490486145
0.9902844429016113
0.9920873641967773
0.9926882982254028
0.9918870329856873
0.9427759647369385
0.9918870329856873
0.9907852411270142
0.9871794581413269
0.09546370804309845
0.9919354915618896
0.9923387169837952
0.8989382982254028
0.9919871687889099
0.9924879670143127
0.9909855723381042
0.9928886294364929
0.991286039352417
0.5490056872367859
0.9916867017745972
0.9923878312110901
0.9907852411270142
0.10095373541116714
0.9927884340286255
0.990361213684082
0.10316506773233414
0.9920873641967773
0.08914262801408768
0.9900841116905212
0.9932020902633667
0.10096153616905212
0.9907670617103577
0.09805689007043839
0.9920873641967773
0.9892828464508057
0.788161039352417
0.11348157376050949
0.10316506773233414
0.9910857081413269
0.11348157376050949
0.9900841116905212
0.10096153616905212
0.9906851053237915
0.9907852411270142
0.9400201439857483
0.9916867017745972
0.9910857081413269
0.9929887652397156
0.09745592623949051
0.10096153616905212
0.9907852411270142
0.9918870329856873
0.10237418860197067
0.9925881624221802
0.8935673832893372
0.9908854365348816
0.9908854365348816
0.9906250238418579
0.9136618375778198
0.09805689007043839
0.7232571840286255
0.991286039352417
0.9905849099159241
0.9919846057891846
0.10095373541116714
0.9919354915618896
0.9916867017745972
0.9908854365348816
0.9917338490486145
0.9929887652397156
0.10096153616905212
0.9916867017745972
0.9916330575942993
0.9595170617103577
0.9904847741127014
0.9913862347602844
0.991330623626709
0.9929887652397156
0.9917338490486145
0.9919846057891846
0.9916867017745972
0.11348157376050949
0.9909855723381042
0.9913758039474487
0.9920860528945923
0.9917868375778198
0.11348157376050949
0.9916867017745972
0.9919871687889099
0.9333934187889099
0.9910282492637634
0.9919871687889099
0.9919871687889099
0.10237418860197067
0.10237418860197067
0.11348157376050949
0.9904847741127014
0.9924879670143127
0.9906851053237915
0.9910714030265808
0.9161658883094788
0.9920873641967773
0.9918870329856873
0.21193909645080566
0.21193909645080566
0.9892828464508057
0.9917868375778198
0.9913862347602844
0.9877804517745972
0.09805689007043839
0.10237418860197067
0.9914863705635071
0.9924879670143127
0.9902844429016113
0.10316506773233414
0.993044376373291
0.9916802048683167
0.09575320780277252
0.11348157376050949
0.09815704822540283
0.11348157376050949
0.09546370804309845
0.9903846383094788
0.9923878312110901
0.99213707447052
0.9910857081413269
0.08914262801408768
0.9894831776618958
0.9914863705635071
0.9922876358032227
0.09575320780277252
0.10095373541116714
0.9913862347602844
0.8963341116905212
0.9915787577629089
0.9922876358032227
0.08914262801408768
0.9914863705635071
0.9911290407180786
0.9915865659713745
0.09745592623949051
0.9918830990791321
0.9920873641967773
0.10316506773233414
0.9915787577629089
0.9900841116905212
0.08914262801408768
0.10237418860197067
0.09546370804309845
0.9908854365348816
0.990524172782898
0.991286039352417
0.9924395084381104
0.9920873641967773
0.9918870329856873
0.9879807829856873
0.9909699559211731
0.9904847741127014
0.9913862347602844
0.991286039352417
0.09575320780277252
0.10316506773233414
0.9902844429016113
0.10096153616905212
0.9936898946762085
0.9898838400840759
0.9450120329856873
0.9911859035491943
0.9913862347602844
0.9912298321723938
0.9916867017745972
0.9889823794364929
0.9910714030265808
0.9916330575942993
0.9918347001075745
0.5788261294364929
0.989448070526123
0.9920873641967773
0.9925881624221802
0.9913862347602844
0.10237418860197067
0.9916330575942993
0.9929887652397156
0.991330623626709
0.9911859035491943
0.9896835088729858
0.8703327775001526
0.9920873641967773
0.9920873641967773
0.9923878312110901
0.10096153616905212
0.9898185729980469
0.9911729097366333
0.9920873641967773
0.9903846383094788
0.9927962422370911
0.11348157376050949
0.9917868375778198
0.9910857081413269
0.9907852411270142
0.9914863705635071
0.9903846383094788
0.08914262801408768
0.9921875
0.9910857081413269
0.9861778616905212
0.10316506773233414
0.9924919009208679
0.9904847741127014
0.09805689007043839
0.9902844429016113
0.9906851053237915
0.20392628014087677
0.9928886294364929
0.9914863705635071
0.9917868375778198
0.9916802048683167
0.9918870329856873
0.990361213684082
0.9905849099159241
0.9917868375778198
0.9933894276618958
0.9918870329856873
0.9919871687889099
0.9896835088729858
0.19851763546466827
0.9906851053237915
0.9921875
0.9923878312110901
0.9919871687889099
0.9910857081413269
0.9916802048683167
0.9920860528945923
0.9888821840286255
0.9901843070983887
0.9909855723381042
0.9917816519737244
0.09805689007043839
0.9902844429016113
0.9932892918586731
0.9925881624221802
0.9909699559211731
0.11348157376050949
0.9922889471054077
0.9914863705635071
0.9911859035491943
0.10096153616905212
0.991330623626709
0.9922889471054077
0.09805689007043839
0.09546370804309845
0.9914863705635071
0.9917338490486145
0.9912298321723938
0.9913758039474487
0.991431474685669
0.9918870329856873
0.9926882982254028
0.10095373541116714
0.9914772510528564
0.9907852411270142
0.9919846057891846
0.9911859035491943
0.09805689007043839
0.9917868375778198
0.11348157376050949
0.7276642918586731
0.9905849099159241
0.9919846057891846
0.9926882982254028
0.9920873641967773
0.10316506773233414
0.9914772510528564
0.9928977489471436
0.9918830990791321
0.8914366960525513
0.9915865659713745
0.11348157376050949
0.9911729097366333
0.991286039352417
0.8539663553237915
0.9918830990791321
0.9902844429016113
0.9918830990791321
0.9921875
0.9922876358032227
0.9927962422370911
0.10316506773233414
0.9918830990791321
0.9883813858032227
0.9910714030265808
0.9918870329856873
0.11348157376050949
0.9914863705635071
0.9895495176315308
0.9887378215789795
0.9915322661399841
0.9917816519737244
0.9909855723381042
0.9909855723381042
0.9914863705635071
0.9904847741127014
0.9905849099159241
0.9915787577629089
0.9902217984199524
0.9920873641967773
0.9914863705635071
0.9913862347602844
0.10095373541116714
0.9909855723381042
0.9921875
0.9902844429016113
0.9918870329856873
0.9905849099159241
0.991286039352417
0.09546370804309845
0.9909855723381042
0.9921875
0.9923878312110901
0.9905849099159241
0.9909273982048035
0.9908854365348816
0.9911859035491943
0.9908854365348816
0.9909855723381042
0.991431474685669
0.9915865659713745
0.9920362830162048
0.9904626607894897
0.7853084206581116
0.09805689007043839
0.9905849099159241
0.9934050440788269
0.9920873641967773
0.9901843070983887
0.9916802048683167
0.9922889471054077
0.9927884340286255
0.9920873641967773
0.9928886294364929
0.9897177219390869
0.11348157376050949
0.9920873641967773
0.9904626607894897
0.9909855723381042
0.9915322661399841
0.9915865659713745
0.9920873641967773
0.9896509647369385
0.9914863705635071
0.09575320780277252
0.9911859035491943
0.9908266067504883
0.9910714030265808
0.9907852411270142
0.9928886294364929
0.10096153616905212
0.9906655550003052
0.9911859035491943
0.9906851053237915
0.9913862347602844
0.9800680875778198
0.9908266067504883
0.8333669304847717
0.09575320780277252
0.9915865659713745
0.09805689007043839
0.9920873641967773
0.8800080418586731
0.9907852411270142
0.9017428159713745
0.9920873641967773
0.9913862347602844
0.8042868375778198
0.11348157376050949
0.10237418860197067
0.9909855723381042
0.09546370804309845
0.9898838400840759
0.9914863705635071
0.9515224099159241
0.9910857081413269
0.09745592623949051
0.9919846057891846
0.9903846383094788
0.9247159361839294
0.9908854365348816
0.9907852411270142
0.6992943286895752
0.9922876358032227
0.09575320780277252
0.9921875
0.9916867017745972
0.10135957598686218
0.9906851053237915
0.09745592623949051
0.9922876358032227
0.11348157376050949
0.1028645858168602
0.9926882982254028
0.09805689007043839
0.11348157376050949
0.09546370804309845
0.9899839758872986
0.10096153616905212
0.9927884340286255
0.33283254504203796
0.9904847741127014
0.9910857081413269
0.08914262801408768
0.9909855723381042
0.9907670617103577
0.9926882982254028
0.9911859035491943
0.9915865659713745
0.9920362830162048
0.9571834206581116
0.9908854365348816
0.9923878312110901
0.09546370804309845
0.9901843070983887
0.9894831776618958
0.10096153616905212
0.9904626607894897
0.9914863705635071
0.9922876358032227
0.991286039352417
0.9917338490486145
0.9910857081413269
0.9921875
0.991274356842041
0.9906655550003052
0.8269074559211731
0.9922876358032227
0.9901582598686218
0.9915865659713745
0.9920873641967773
0.9901843070983887
0.9902844429016113
0.9892828464508057
0.9910857081413269
0.10316506773233414
0.9914863705635071
0.9914772510528564
0.9915787577629089
0.9924879670143127
0.9913758039474487
0.9918870329856873
0.9918830990791321
0.9935897588729858
0.9024959206581116
0.9911859035491943
0.10237418860197067
0.9909699559211731
0.9919846057891846
0.11348157376050949
0.09745592623949051
0.9899839758872986
0.10237418860197067
0.9916330575942993
0.9916330575942993
0.9925881624221802
0.9911859035491943
0.991286039352417
0.9916867017745972
0.9911729097366333
0.9918870329856873
0.11348157376050949
0.990361213684082
0.9924879670143127
0.9914772510528564
0.09557630121707916
0.9914772510528564
0.9921875
0.9902597665786743
0.9915865659713745
0.08941531926393509
0.7932692170143127
0.10237418860197067
0.9919871687889099
0.9913758039474487
0.10316506773233414
0.9921875
0.7390825152397156
0.9920873641967773
0.9916867017745972
0.11348157376050949
0.9918830990791321
0.9919871687889099
0.11348157376050949
0.82421875
0.10096153616905212
0.9931890964508057
0.9909855723381042
0.9917868375778198
0.991286039352417
0.10237418860197067
0.9916867017745972
0.9917338490486145
0.9917868375778198
0.9918870329856873
0.9904847741127014
0.11348157376050949
0.9914863705635071
0.989182710647583
0.9914863705635071
0.9906250238418579
0.9907852411270142
0.9903225898742676
0.9897836446762085
0.9898838400840759
0.9923878312110901
0.10096153616905212
0.09805689007043839
0.9920873641967773
0.9870793223381042
0.9920362830162048
0.10316506773233414
0.09805689007043839
0.10095373541116714
0.9913862347602844
0.9908854365348816
0.9911859035491943
0.11348157376050949
0.9921875
0.9909855723381042
0.9915865659713745
0.9500200152397156
0.9934895634651184
0.9921875
0.9908854365348816
0.9907852411270142
0.09805689007043839
0.9914772510528564
0.9906851053237915
0.9905849099159241
0.9475806355476379
0.9913862347602844
0.991330623626709
0.9921875
0.9929991960525513
0.09805689007043839
0.9911859035491943
0.9907852411270142
0.09546370804309845
0.09805689007043839
0.09575320780277252
0.9915865659713745
0.9920873641967773
0.9918870329856873
0.9908854365348816
0.9917868375778198
0.9923878312110901
0.9916867017745972
0.9480168223381042
0.09575320780277252
0.9924879670143127
0.09575320780277252
0.10237418860197067
0.991431474685669
0.9920860528945923
0.10316506773233414
0.9907852411270142
0.9922876358032227
0.9911290407180786
0.09546370804309845
0.9918347001075745
0.9911859035491943
0.9924879670143127
0.09575320780277252
0.9913862347602844
0.7877435088157654
0.9921875
0.10096153616905212
0.9918870329856873
0.10316506773233414
0.9902844429016113
0.10316506773233414
0.9909855723381042
0.9511218070983887
0.990361213684082
0.09798387438058853
0.9906655550003052
0.9917868375778198
0.9918347001075745
0.9918347001075745
0.9928886294364929
0.9907852411270142
0.9905849099159241
0.9909855723381042
0.1028645858168602
0.9909855723381042
0.9548498392105103
0.9907852411270142
0.9887820482254028
0.991286039352417
0.09575320780277252
0.9923878312110901
0.9903846383094788
0.991274356842041
0.08959009498357773
0.11348157376050949
0.10096153616905212
0.9914863705635071
0.09805689007043839
0.9917816519737244
0.10237418860197067
0.09798387438058853
0.8161057829856873
0.9913862347602844
0.9915865659713745
0.9926947951316833
0.993088960647583
0.9918830990791321
0.9922876358032227
0.9923878312110901
0.09805689007043839
0.9923878312110901
0.9919871687889099
0.9915865659713745
0.9910714030265808
0.9916330575942993
0.9907852411270142
0.9909855723381042
0.9917868375778198
0.9911859035491943
0.9923903942108154
0.9912298321723938
0.9920362830162048
0.9906655550003052
0.9909855723381042
0.09805689007043839
0.9920873641967773
0.9897524118423462
0.9917338490486145
0.9912298321723938
0.9914772510528564
0.9916867017745972
0.9916802048683167
0.8296469449996948
0.9913862347602844
0.11348157376050949
0.9913758039474487
0.11348157376050949
0.9895495176315308
0.09815704822540283
0.9913862347602844
0.990524172782898
0.9909699559211731
0.9921875
0.9932459592819214
0.9468344449996948
0.9934895634651184
0.9919871687889099
0.9918870329856873
0.9914863705635071
0.9905849099159241
0.08914262801408768
0.9908854365348816
0.9916867017745972
0.9909855723381042
0.9919871687889099
0.9924395084381104
0.9934895634651184
0.9901209473609924
0.9929887652397156
0.9916867017745972
0.9904626607894897
0.9916867017745972
0.9919871687889099
0.9913862347602844
0.9894831776618958
0.9918870329856873
0.9926411509513855
0.09745592623949051
0.08914262801408768
0.09805689007043839
0.772536039352417
0.9917868375778198
0.11348157376050949
0.9909855723381042
0.8658854365348816
0.9919871687889099
0.6394230723381042
0.9919846057891846
0.9916867017745972
0.1028645858168602
0.991431474685669
0.9900568127632141
0.9911859035491943
0.9918830990791321
0.9926882982254028
0.9928886294364929
0.9922876358032227
0.991274356842041
0.9920873641967773
0.9909699559211731
0.5326522588729858
0.9908266067504883
0.9898838400840759
0.9924919009208679
0.9901582598686218
0.9918870329856873
0.9924879670143127
0.9919871687889099
0.9918870329856873
0.7908653616905212
0.991431474685669
0.9914772510528564
0.9920873641967773
0.9823718070983887
0.9919354915618896
0.9927419424057007
0.8057892918586731
0.9924879670143127
0.990361213684082
0.09745592623949051
0.9909855723381042
0.11348157376050949
0.21864983439445496
0.9895833134651184
0.9919871687889099
0.9908685088157654
0.11348157376050949
0.9918870329856873
0.9923878312110901
0.9915865659713745
0.9910857081413269
0.10096153616905212
0.9911290407180786
0.9908854365348816
0.991286039352417
0.9890825152397156
0.9911729097366333
0.9917868375778198
0.9918870329856873
0.9900568127632141
0.9918870329856873
0.9916867017745972
0.9921875
0.9904233813285828
0.9907852411270142
0.9902844429016113
0.10096153616905212
0.09745592623949051
0.991286039352417
0.9915787577629089
0.9915865659713745
0.9905849099159241
0.99213707447052
0.9905849099159241
0.9914863705635071
0.9925881624221802
0.9911859035491943
0.9922876358032227
0.9904847741127014
0.9910857081413269
0.9896835088729858
0.9920860528945923
0.9919871687889099
0.9924879670143127
0.7333734035491943
0.10237418860197067
0.9903846383094788
0.9924879670143127
0.9915322661399841
0.950120210647583
0.9920362830162048
0.9904847741127014
0.10237418860197067
0.9895833134651184
0.9925881624221802
0.10096153616905212
0.991286039352417
0.9914863705635071
0.8697916865348816
0.11348157376050949
0.09805689007043839
0.9917816519737244
0.09546370804309845
0.9900568127632141
0.9911859035491943
0.9432459473609924
0.990361213684082
0.9924879670143127
0.9904847741127014
0.991286039352417
0.9920873641967773
0.09801136702299118
0.9910857081413269
0.9917868375778198
0.9909273982048035
0.10316506773233414
0.9913862347602844
0.9909699559211731
0.9913862347602844
0.11348157376050949
0.9920873641967773
0.9918870329856873
0.9932892918586731
0.09805689007043839
0.9921875
0.9910857081413269
0.9923903942108154
0.9913862347602844
0.9911859035491943
0.10096153616905212
0.1028645858168602
0.9916867017745972
0.9905849099159241
0.9918347001075745
0.993088960647583
0.09546370804309845
0.09815704822540283
0.10135957598686218
0.10316506773233414
0.9486178159713745
0.9916330575942993
0.9908854365348816
0.9908854365348816
0.9929887652397156
0.9907852411270142
0.18279246985912323
0.9907852411270142
0.9913758039474487
0.9913862347602844
0.9896509647369385
0.7931451797485352
0.9916867017745972
0.9923878312110901
0.11348157376050949
0.9913758039474487
0.9899839758872986
0.9934895634651184
0.9407051205635071
0.9916867017745972
0.9918870329856873
0.991286039352417
0.9914863705635071
0.11348157376050949
0.9924395084381104
0.08914262801408768
0.9914863705635071
0.9916867017745972
0.991274356842041
0.9921875
0.9909699559211731
0.11348157376050949
0.9922876358032227
0.991274356842041
0.9920873641967773
0.9924879670143127
0.08914262801408768
0.9916330575942993
0.7865585088729858
0.9903846383094788
0.09835737198591232
0.9918870329856873
0.9915865659713745
0.9908854365348816
0.9902597665786743
0.991274356842041
0.9512219429016113
0.9907852411270142
0.11348157376050949
0.9915787577629089
0.11348157376050949
0.9919871687889099
0.9900841116905212
0.10095373541116714
0.9914772510528564
0.8243188858032227
0.8423477411270142
0.9913862347602844
0.8587740659713745
0.11348157376050949
0.09546370804309845
0.11348157376050949
0.9927884340286255
0.9918830990791321
0.9928886294364929
0.9924879670143127
0.9888821840286255
0.9907852411270142
0.09805689007043839
0.991286039352417
0.991274356842041
0.9917868375778198
0.7361778616905212
0.9915865659713745
0.10096153616905212
0.9907852411270142
0.9923878312110901
0.9909855723381042
0.9922876358032227
0.09745592623949051
0.9924879670143127
0.9924879670143127
0.08914262801408768
0.9917868375778198
0.09745592623949051
0.10316506773233414
0.10096153616905212
0.9925933480262756
0.9901843070983887
0.989448070526123
0.9913758039474487
0.993088960647583
0.9899839758872986
0.11348157376050949
0.991431474685669
0.8971354365348816
0.9915787577629089
0.10237418860197067
0.9914863705635071
0.9925881624221802
0.9929887652397156
0.9907670617103577
0.9910857081413269
0.9899839758872986
0.9924879670143127
0.9908854365348816
0.9896835088729858
0.9923878312110901
0.9905849099159241
0.991286039352417
0.9896169304847717
0.9902844429016113
0.9920873641967773
0.10237418860197067
0.9910857081413269
0.10237418860197067
0.9915865659713745
0.09575320780277252
0.991330623626709
0.08914262801408768
0.751826286315918
0.9917816519737244
0.9908854365348816
0.989182710647583
0.9902844429016113
0.9934895634651184
0.11348157376050949
0.9896835088729858
0.9900841116905212
0.9925881624221802
0.9534294009208679
0.9906851053237915
0.9900568127632141
0.9906851053237915
0.9895833134651184
0.9913862347602844
0.11348157376050949
0.9933894276618958
0.9927884340286255
0.11348157376050949
0.09575320780277252
0.9920873641967773
0.9896835088729858
0.7774438858032227
0.11353490501642227
0.9916330575942993
0.9917868375778198
0.9923878312110901
0.9907670617103577
0.9919871687889099
0.11348157376050949
0.992943525314331
0.9927419424057007
0.9923878312110901
0.9866786599159241
0.9915865659713745
0.9922876358032227
0.9910857081413269
0.9905849099159241
0.10096153616905212
0.9904847741127014
0.9924879670143127
0.9924879670143127
0.15004006028175354
0.9919871687889099
0.9906851053237915
0.9920873641967773
0.9916802048683167
0.08914262801408768
0.9913862347602844
0.09805689007043839
0.9921875
0.9921875
0.9905641078948975
0.9923878312110901
0.9907258152961731
0.9899839758872986
0.9906851053237915
0.09805689007043839
0.8220152258872986
0.9894831776618958
0.9923903942108154
0.9910714030265808
0.9917816519737244
0.9925881624221802
0.9920860528945923
0.9911859035491943
0.9454126358032227
0.09745592623949051
0.9914772510528564
0.9911859035491943
0.9908854365348816
0.10096153616905212
0.9927962422370911
0.9914863705635071
0.9928427338600159
0.9907852411270142
0.19663149118423462
0.09805689007043839
0.09805689007043839
0.991286039352417
0.991286039352417
0.9915787577629089
0.9919871687889099
0.9909855723381042
0.6609575152397156
0.991286039352417
0.991286039352417
0.9917868375778198
0.9915865659713745
0.9908266067504883
0.10096153616905212
0.9920873641967773
0.09805689007043839
0.7560876607894897
0.10095373541116714
0.8651582598686218
0.9902844429016113
0.9913862347602844
0.993088960647583
0.9121347665786743
0.9881811141967773
0.9915787577629089
0.9915865659713745
0.9899839758872986
0.09815704822540283
0.99213707447052
0.9920873641967773
0.9896169304847717
0.9922876358032227
0.11348157376050949
0.9909699559211731
0.09805689007043839
0.20002003014087677
0.9921875
0.9918870329856873
0.9918347001075745
0.9929887652397156
0.9918870329856873
0.9917816519737244
0.9909855723381042
0.9910282492637634
0.11348157376050949
0.8371394276618958
0.9914863705635071
0.9916330575942993
0.9915787577629089
0.9593141078948975
0.09575320780277252
0.10237418860197067
0.10096153616905212
0.10237418860197067
0.10316506773233414
0.9908685088157654
0.9915865659713745
0.9927884340286255
0.9915787577629089
0.9907852411270142
0.11348157376050949
0.9080528616905212
0.9914863705635071
0.9909855723381042
0.9917868375778198
0.9906851053237915
0.9909273982048035
0.9905849099159241
0.9189703464508057
0.9929887652397156
0.9924879670143127
0.9112215638160706
0.9913758039474487
0.9901843070983887
0.09745592623949051
0.9924879670143127
0.993088960647583
0.9917868375778198
0.9880809187889099
0.9900568127632141
0.09815704822540283
0.9927884340286255
0.09747983515262604
0.09575320780277252
0.9909855723381042
0.9898838400840759
0.9923878312110901
0.9909855723381042
0.9918830990791321
0.9916330575942993
0.9913862347602844
0.9902597665786743
0.9924919009208679
0.9907852411270142
0.9910857081413269
0.4379006326198578
0.9910714030265808
0.11368189007043839
0.10237418860197067
0.11348157376050949
0.9914772510528564
0.9916867017745972
0.9924879670143127
0.10095373541116714
0.9926882982254028
0.7747395634651184
0.9906655550003052
0.11348157376050949
0.844556450843811
0.9919871687889099
0.9928427338600159
0.9921875
0.9925881624221802
0.9906851053237915
0.9918870329856873
0.9914863705635071
0.10095373541116714
0.991274356842041
0.9914863705635071
0.10096153616905212
0.9911859035491943
0.8479099273681641
0.9918870329856873
0.9919846057891846
0.9907852411270142
0.7664262652397156
0.9915865659713745
0.9908266067504883
0.9923878312110901
0.9907852411270142
0.09805689007043839
0.9919871687889099
0.9921875
0.9921875
0.7069311141967773
0.09546370804309845
0.09575320780277252
0.09575320780277252
0.9921875
0.9917338490486145
0.9908854365348816
0.9917868375778198
0.9915865659713745
0.09815704822540283
0.9920873641967773
0.9907670617103577
0.9922876358032227
0.9927884340286255
0.8629032373428345
0.9911859035491943
0.9913862347602844
0.9909855723381042
0.10237418860197067
0.9900841116905212
0.9907852411270142
0.10237418860197067
0.9916867017745972
0.9907852411270142
0.9899839758872986
0.9925402998924255
0.09765625
0.9906851053237915
0.9911290407180786
0.9926882982254028
0.09575320780277252
0.9914863705635071
0.99223792552948
0.9906655550003052
0.9920860528945923
0.9905849099159241
0.9911290407180786
0.9907852411270142
0.9903846383094788
0.9899839758872986
0.9914863705635071
0.10237418860197067
0.9904626607894897
0.9915865659713745
0.10096153616905212
0.9923878312110901
0.2763104736804962
0.9916867017745972
0.9909699559211731
0.9929991960525513
0.10316506773233414
0.9903846383094788
0.9911859035491943
0.9926882982254028
0.10237418860197067
0.9919846057891846
0.11348157376050949
0.9897836446762085
0.9921875
0.9922876358032227
0.9928886294364929
0.9919871687889099
0.9920873641967773
0.09546370804309845
0.2571113705635071
0.11348157376050949
0.9913862347602844
0.9919846057891846
0.9902844429016113
0.9917868375778198
0.9901582598686218
0.9910857081413269
0.09575320780277252
0.10237418860197067
0.9909699559211731
0.9919871687889099
0.09575320780277252
0.11348157376050949
0.9906655550003052
0.9919871687889099
0.10237418860197067
0.9915865659713745
0.9909855723381042
0.9923387169837952
0.9925933480262756
0.08914262801408768
0.9911859035491943
0.9908685088157654
0.9897836446762085
0.9901843070983887
0.09575320780277252
0.9913758039474487
0.9921875
0.9911729097366333
0.9914772510528564
0.08914262801408768
0.9920873641967773
0.9916802048683167
0.9927884340286255
0.9920873641967773
0.9908854365348816
0.9895495176315308
0.9911859035491943
0.9906851053237915
0.10095373541116714
0.9919354915618896
0.991286039352417
0.9921875
0.11348157376050949
0.10096153616905212
0.9933894276618958
0.9925881624221802
0.9903846383094788
0.10237418860197067
0.09805689007043839
0.9249799847602844
0.09801136702299118
0.9926882982254028
0.9925881624221802
0.09805689007043839
0.09546370804309845
0.10316506773233414
0.9916867017745972
0.9910282492637634
0.9923878312110901
0.9903225898742676
0.9911290407180786
0.09805689007043839
0.09805689007043839
0.09546370804309845
0.9916802048683167
0.9901582598686218
0.991286039352417
0.9923878312110901
0.991330623626709
0.10316506773233414
0.09575320780277252
0.9919846057891846
0.9912298321723938
0.9913862347602844
0.9899553656578064
0.09815704822540283
0.9907670617103577
0.9908854365348816
0.9917816519737244
0.9917868375778198
0.9910282492637634
0.9913862347602844
0.9911859035491943
0.9906655550003052
0.9918870329856873
0.9901209473609924
0.9917816519737244
0.9932892918586731
0.7594150900840759
0.9911859035491943
0.9920873641967773
0.9921875
0.8779233694076538
0.9906851053237915
0.10096153616905212
0.9909855723381042
0.9904847741127014
0.9905849099159241
0.9908854365348816
0.10316506773233414
0.9903846383094788
0.9917868375778198
0.10096153616905212
0.9922876358032227
0.10237418860197067
0.10237418860197067
0.9924879670143127
0.10096153616905212
0.993088960647583
0.9916867017745972
0.9919846057891846
0.9916867017745972
0.9924879670143127
0.991286039352417
0.9920860528945923
0.895432710647583
0.09546370804309845
0.5687099099159241
0.9897524118423462
0.9925933480262756
0.9914772510528564
0.10316506773233414
0.09745592623949051
0.9914863705635071
0.9931890964508057
0.9924879670143127
0.9922876358032227
0.9917868375778198
0.8718950152397156
0.9905849099159241
0.09575320780277252
0.9924919009208679
0.11348157376050949
0.09546370804309845
0.7991071343421936
0.9902844429016113
0.9919871687889099
0.9924879670143127
0.9917868375778198
0.9897836446762085
0.9918870329856873
0.9916867017745972
0.9911859035491943
0.9927884340286255
0.9904847741127014
0.9918870329856873
0.9916867017745972
0.9928886294364929
0.45502805709838867
0.9919846057891846
0.987379789352417
0.9914863705635071
0.9902844429016113
0.9904847741127014
0.11348157376050949
0.9921875
0.09546370804309845
0.9907852411270142
0.9916330575942993
0.9914863705635071
0.9919871687889099
0.9916330575942993
0.9909699559211731
0.9902844429016113
0.7729367017745972
0.9924879670143127
0.9913862347602844
0.9897524118423462
0.9922876358032227
0.9908685088157654
0.9921875
0.9917338490486145
0.10095373541116714
0.9907670617103577
0.9922876358032227
0.991274356842041
0.09805689007043839
0.9913758039474487
0.9916802048683167
0.991431474685669
0.9913862347602844
0.9916802048683167
0.9924879670143127
0.9917816519737244
0.9931890964508057
0.9920873641967773
0.9922876358032227
0.9903846383094788
0.8275201320648193
0.10096153616905212
0.9915865659713745
0.9914863705635071
0.08914262801408768
0.11348157376050949
0.9919871687889099
0.9916867017745972
0.9909855723381042
0.8756087422370911
0.10096153616905212
0.9921875
0.10096153616905212
0.9920873641967773
0.9928886294364929
0.11348157376050949
0.9929887652397156
0.09805689007043839
0.8491274118423462
0.991274356842041
0.98828125
0.9913862347602844
0.10237418860197067
0.9902844429016113
0.991286039352417
0.10237418860197067
0.09805689007043839
0.9902844429016113
0.9915865659713745
0.9924879670143127
0.10237418860197067
0.9907852411270142
0.9911729097366333
0.9903846383094788
0.9919871687889099
0.10316506773233414
0.9003405570983887
0.9898838400840759
0.11348157376050949
0.8487580418586731
0.09745592623949051
0.09546370804309845
0.991286039352417
0.9913862347602844
0.9898539185523987
0.9499198794364929
0.9908854365348816
0.9928886294364929
0.9922876358032227
0.09801136702299118
0.9916802048683167
0.9906851053237915
0.9905641078948975
0.09815704822540283
0.9897836446762085
0.09575320780277252
0.9905849099159241
0.11348157376050949
0.09546370804309845
0.990524172782898
0.9911859035491943
0.9902597665786743
0.9052484035491943
0.9911859035491943
0.9908854365348816
0.9918347001075745
0.9921875
0.9898838400840759
0.9924879670143127
0.09546370804309845
0.10096153616905212
0.9927884340286255
0.9907258152961731
0.9920873641967773
0.9909855723381042
0.9921875
0.9914863705635071
0.09575320780277252
0.09575320780277252
0.08914262801408768
0.08914262801408768
0.9920873641967773
0.08914262801408768
0.9919871687889099
0.9919354915618896
0.9917338490486145
0.08941531926393509
0.9927884340286255
0.9924879670143127
0.9919871687889099
0.993088960647583
0.9924879670143127
0.9907852411270142
0.9908854365348816
0.9923878312110901
0.8283253312110901
0.9920873641967773
0.9910857081413269
0.9911859035491943
0.09805689007043839
0.10316506773233414
0.9920873641967773
0.9922876358032227
0.9924879670143127
0.9895833134651184
0.9929887652397156
0.17808493971824646
0.9919871687889099
0.9897524118423462
0.9911859035491943
0.9927962422370911
0.09805689007043839
0.8406450152397156
0.9919354915618896
0.991431474685669
0.9909855723381042
0.08914262801408768
0.6629607081413269
0.10095373541116714
0.10095373541116714
0.9902844429016113
0.9907852411270142
0.09805689007043839
0.11348157376050949
0.9901582598686218
0.9904847741127014
0.9919871687889099
0.9910714030265808
0.8619791865348816
0.9925881624221802
0.9921875
0.9922876358032227
0.9912298321723938
0.9921875
0.9911859035491943
0.09805689007043839
0.9904847741127014
0.09745592623949051
0.9135617017745972
0.9920873641967773
0.9906655550003052
0.9908854365348816
0.9913862347602844
0.09815704822540283
0.9919871687889099
0.991330623626709
0.9917868375778198
0.9907852411270142
0.9900568127632141
0.9911859035491943
0.9920873641967773
0.8747971057891846
0.9924879670143127
0.9927884340286255
0.9918347001075745
0.9932892918586731
0.991431474685669
0.09805689007043839
0.9927884340286255
0.10096153616905212
0.9910282492637634
0.9863781929016113
0.991286039352417
0.09575320780277252
0.9922889471054077
0.9909855723381042
0.9904626607894897
0.9914863705635071
0.9914772510528564
0.9913758039474487
0.09775640815496445
0.9083669185638428
0.9905641078948975
0.9922876358032227
0.10237418860197067
0.9200604557991028
0.8543669581413269
0.9916330575942993
0.1028645858168602
0.9906250238418579
0.10237418860197067
0.9915865659713745
0.9919354915618896
0.990361213684082
0.9902597665786743
0.9907852411270142
0.9918870329856873
0.9910857081413269
0.11348157376050949
0.11348157376050949
0.9913758039474487
0.09805689007043839
0.9920873641967773
0.9909699559211731
0.9901843070983887
0.991330623626709
0.9919871687889099
0.9914863705635071
0.990524172782898
0.9924879670143127
0.10095373541116714
0.991274356842041
0.9917868375778198
0.8135080933570862
0.9910714030265808
0.9919846057891846
0.9928886294364929
0.9926882982254028
0.9921875
0.11348157376050949
0.9923878312110901
0.9918830990791321
0.9920873641967773
0.991286039352417
0.9916867017745972
0.9169034361839294
0.09557630121707916
0.09745592623949051
0.09546370804309845
0.9914772510528564
0.9917868375778198
0.08914262801408768
0.9917868375778198
0.9923878312110901
0.11353490501642227
0.9921875
0.08914262801408768
0.9918870329856873
0.09805689007043839
0.9915865659713745
0.9916330575942993
0.9915865659713745
0.9924879670143127
0.9919871687889099
0.9911859035491943
0.9919871687889099
0.9905849099159241
0.9929887652397156
0.9916867017745972
0.9910857081413269
0.9917338490486145
0.9910857081413269
0.09575320780277252
0.9913758039474487
0.9923878312110901
0.990361213684082
0.08914262801408768
0.8888104557991028
0.9897836446762085
0.10316506773233414
0.9917338490486145
0.9929887652397156
0.9939903616905212
0.11348157376050949
0.10095373541116714
0.9925402998924255
0.9910857081413269
0.09805689007043839
0.10237418860197067
0.9920860528945923
0.9917868375778198
0.9900841116905212
0.9931890964508057
0.9917868375778198
0.09730113297700882
0.9884815812110901
0.9910857081413269
0.9915865659713745
0.11340726166963577
0.09805689007043839
0.9903846383094788
0.9917868375778198
0.993088960647583
0.11348157376050949
0.9920873641967773
0.9920873641967773
0.9928427338600159
0.10096153616905212
0.9915865659713745
0.09805689007043839
0.9915865659713745
0.9925881624221802
0.9898838400840759
0.10316506773233414
0.9938902258872986
0.9916867017745972
0.9918870329856873
0.11348157376050949
0.9915865659713745
0.9916802048683167
0.09546370804309845
0.11348157376050949
0.9916802048683167
0.9923903942108154
0.9923878312110901
0.9925881624221802
0.9927884340286255
0.9913862347602844
0.9918870329856873
0.9925881624221802
0.9927884340286255
0.9417067170143127
0.9919871687889099
0.9917868375778198
0.9911859035491943
0.9904626607894897
0.9923903942108154
0.10316506773233414
0.9917816519737244
0.9920873641967773
0.9919354915618896
0.9895833134651184
0.9914772510528564
0.9022436141967773
0.9914863705635071
0.9915787577629089
0.9915865659713745
0.9921875
0.8061898946762085
0.10316506773233414
0.9918870329856873
0.09745592623949051
0.9921875
0.09805689007043839
0.9916867017745972
0.9911859035491943
0.9886819124221802
0.9122983813285828
0.9934895634651184
0.9916867017745972
0.9911729097366333
0.9918870329856873
0.9929887652397156
0.8027597665786743
0.9919871687889099
0.9918830990791321
0.9924879670143127
0.9909855723381042
0.08914262801408768
0.10095373541116714
0.9915865659713745
0.10316506773233414
0.9493951797485352
0.9890422224998474
0.9902844429016113
0.09546370804309845
0.9913862347602844
0.10096153616905212
0.9910714030265808
0.6495392918586731
0.991274356842041
0.9913758039474487
0.10095373541116714
0.9921875
0.9916802048683167
0.9915865659713745
0.3970766067504883
0.9917868375778198
0.09805689007043839
0.9908685088157654
0.9917816519737244
0.9910857081413269
0.9924395084381104
0.9917868375778198
0.9917868375778198
0.9919871687889099
0.9913862347602844
0.09805689007043839
0.991286039352417
0.10096153616905212
0.10095373541116714
0.10237418860197067
0.09805689007043839
0.9910714030265808
0.9919846057891846
0.11348157376050949
0.11348157376050949
0.991286039352417
0.991274356842041
0.09805689007043839
0.9921875
0.9917868375778198
0.9905641078948975
0.9919871687889099
0.9926882982254028
0.9906655550003052
0.9912298321723938
0.9914863705635071
0.10095373541116714
0.9907852411270142
0.10316506773233414
0.08914262801408768
0.9908685088157654
0.9902844429016113
0.9909855723381042
0.10237418860197067
0.9913862347602844
0.9913758039474487
0.9910857081413269
0.991286039352417
0.9918870329856873
0.9914772510528564
0.9910714030265808
0.09805689007043839
0.9911729097366333
0.9917868375778198
0.9909855723381042
0.9911859035491943
0.9906250238418579
0.09805689007043839
0.9907852411270142
0.9917816519737244
0.9928886294364929
0.9913862347602844
0.9924879670143127
0.9928886294364929
0.09745592623949051
0.8370535969734192
0.9375
0.9915865659713745
0.9914863705635071
0.9916867017745972
0.9920873641967773
0.990361213684082
0.990361213684082
0.10316506773233414
0.1028645858168602
0.10237418860197067
0.10096153616905212
0.11348157376050949
0.11348157376050949
0.991286039352417
0.9925881624221802
0.9910857081413269
0.9914863705635071
0.9918870329856873
0.991286039352417
0.9915787577629089
0.9916867017745972
0.9920860528945923
0.9922876358032227
0.9911290407180786
0.9918870329856873
0.9901582598686218
0.9192540049552917
0.9917868375778198
0.993088960647583
0.09575320780277252
0.10096153616905212
0.9921875
0.991286039352417
0.09575320780277252
0.9545272588729858
0.9898838400840759
0.09546370804309845
0.9914863705635071
0.9921875
0.9917868375778198
0.9058493375778198
0.9913862347602844
0.10096153616905212
0.9917868375778198
0.9911290407180786
0.991286039352417
0.11348157376050949
0.9919846057891846
0.9908854365348816
0.09801136702299118
0.9923903942108154
0.9899839758872986
0.9921875
0.9901843070983887
0.11348157376050949
0.9921875
0.9913862347602844
0.9516030550003052
0.9913862347602844
0.9917816519737244
0.9918870329856873
0.9918830990791321
0.9919871687889099
0.9922876358032227
0.991330623626709
0.11348157376050949
0.8739984035491943
0.08914262801408768
0.9915865659713745
0.9926882982254028
0.9916867017745972
0.9914772510528564
0.08914262801408768
0.9910857081413269
0.9902844429016113
0.19751602411270142
0.9920873641967773
0.9925881624221802
0.9916867017745972
0.10338880121707916
0.10096153616905212
0.9909273982048035
0.9913862347602844
0.993088960647583
0.9921875
0.11353490501642227
0.9933894276618958
0.9899839758872986
0.9915865659713745
0.9909855723381042
0.08959009498357773
0.9900841116905212
0.09805689007043839
0.9918830990791321
0.991274356842041
0.993044376373291
0.9911729097366333
0.9934895634651184
0.8646835088729858
0.9925881624221802
0.9911859035491943
0.9929887652397156
0.11348157376050949
0.9923878312110901
0.11348157376050949
0.9920873641967773
0.9915787577629089
0.8477822542190552
0.11340726166963577
0.10316506773233414
0.09546370804309845
0.08914262801408768
0.9911290407180786
0.10095373541116714
0.9909699559211731
0.9922889471054077
0.9918347001075745
0.9906851053237915
0.9913862347602844
0.09745592623949051
0.10096153616905212
0.11348157376050949
0.9886819124221802
0.08914262801408768
0.9915865659713745
0.9905849099159241
0.9918830990791321
0.9911729097366333
0.9906851053237915
0.9047476053237915
0.10096153616905212
0.9917868375778198
0.9246794581413269
0.09788306802511215
0.09745592623949051
0.80080646276474
0.9924879670143127
0.10096153616905212
0.9910857081413269
0.9927884340286255
0.9918830990791321
0.9915322661399841
0.9907670617103577
0.9924919009208679
0.9920362830162048
0.9920860528945923
0.9911290407180786
0.9899553656578064
0.11348157376050949
0.09805689007043839
0.9922876358032227
0.9918347001075745
0.9928886294364929
0.9929887652397156
0.10096153616905212
0.99213707447052
0.9922876358032227
0.9918830990791321
0.9907852411270142
0.9908685088157654
0.9918830990791321
0.9913862347602844
0.9913758039474487
0.9911729097366333
0.10096153616905212
0.8280248641967773
0.9877804517745972
0.9911859035491943
0.9932892918586731
0.9904847741127014
0.9916867017745972
0.9915787577629089
0.9928886294364929
0.9389113187789917
0.9911290407180786
0.11348157376050949
0.9909855723381042
0.9921875
0.9920860528945923
0.9909273982048035
0.909254789352417
0.9907852411270142
0.9925402998924255
0.991286039352417
0.9916802048683167
0.9915787577629089
0.8505609035491943
0.9925881624221802
0.9906851053237915
0.9910857081413269
0.11348157376050949
0.11348157376050949
0.9916867017745972
0.9928886294364929
0.9911729097366333
0.9911859035491943
0.9909855723381042
0.09575320780277252
0.9913862347602844
0.9923878312110901
0.9915787577629089
0.9923878312110901
0.9906851053237915
0.9904847741127014
0.9910857081413269
0.9894831776618958
0.10095373541116714
0.9897524118423462
0.9915865659713745
0.9906851053237915
0.9923878312110901
0.11348157376050949
0.10096153616905212
0.991330623626709
0.9904847741127014
0.9901843070983887
0.10316506773233414
0.09745592623949051
0.9913862347602844
0.9915865659713745
0.9892828464508057
0.11348157376050949
0.10237418860197067
0.10096153616905212
0.99213707447052
0.9906851053237915
0.10096153616905212
0.11340726166963577
0.9918870329856873
0.10096153616905212
0.9911729097366333
0.9924879670143127
0.9913758039474487
0.9902217984199524
0.11348157376050949
0.9922889471054077
0.9904847741127014
0.09805689007043839
0.991286039352417
0.9920873641967773
0.9910714030265808
0.9454139471054077
0.9910714030265808
0.09546370804309845
0.10282257944345474
0.9919846057891846
0.6911290287971497
0.9904847741127014
0.9927962422370911
0.10316506773233414
0.09546370804309845
0.9907852411270142
0.10316506773233414
0.9909855723381042
0.991431474685669
0.10332661122083664
0.9927884340286255
0.09546370804309845
0.9922876358032227
0.09546370804309845
0.9916867017745972
0.09575320780277252
0.9922876358032227
0.11348157376050949
0.9927884340286255
0.10316506773233414
0.9927884340286255
0.9913862347602844
0.9923878312110901
0.9934895634651184
0.9902597665786743
0.9932892918586731
0.9914863705635071
0.09805689007043839
0.10096153616905212
0.9923878312110901
0.9907852411270142
0.09745592623949051
0.9911859035491943
0.9909855723381042
0.9921875
0.9915865659713745
0.9919871687889099
0.09745592623949051
0.9920873641967773
0.9908685088157654
0.9915787577629089
0.08914262801408768
0.9911859035491943
0.10100806504487991
0.9911859035491943
0.9912298321723938
0.09747983515262604
0.6656650900840759
0.9921875
0.993100643157959
0.9910714030265808
0.9914863705635071
0.9910857081413269
0.08914262801408768
0.9909855723381042
0.9924919009208679
0.7358773946762085
0.11348157376050949
0.991274356842041
0.9922876358032227
0.9922876358032227
0.9920860528945923
0.9921875
0.9922876358032227
0.9915865659713745
0.09805689007043839
0.9925881624221802
0.94143146276474
0.9915865659713745
0.10237418860197067
0.9913862347602844
0.9902597665786743
0.10316506773233414
0.991431474685669
0.9910857081413269
0.9914863705635071
0.09805689007043839
0.9903846383094788
0.9899553656578064
0.9918870329856873
0.9905849099159241
0.10096153616905212
0.991286039352417
0.09546370804309845
0.9899839758872986
0.10096153616905212
0.9911859035491943
0.9905641078948975
0.9928427338600159
0.9922876358032227
0.9919354915618896
0.9913758039474487
0.11348157376050949
0.9914863705635071
0.9924395084381104
0.9902844429016113
0.10096153616905212
0.11348157376050949
0.9931890964508057
0.09805689007043839
0.991286039352417
0.6283053159713745
0.9909855723381042
0.9916867017745972
0.9926882982254028
0.9918870329856873
0.9929887652397156
0.9927884340286255
0.09575320780277252
0.9917868375778198
0.890625
0.9915865659713745
0.10096153616905212
0.9913758039474487
0.9916802048683167
0.10100806504487991
0.9893830418586731
0.9927884340286255
0.991286039352417
0.991286039352417
0.9922876358032227
0.9917868375778198
0.9914863705635071
0.9919871687889099
0.893629789352417
0.987379789352417
0.10237418860197067
0.9922876358032227
0.9929887652397156
0.10095373541116714
0.9920860528945923
0.9911859035491943
0.9924879670143127
0.9919871687889099
0.9920873641967773
0.9916867017745972
0.09575320780277252
0.9900841116905212
0.991286039352417
0.9912298321723938
0.9904233813285828
0.09805689007043839
0.10096153616905212
0.9908854365348816
0.9910714030265808
0.09575320780277252
0.11348157376050949
0.8287298679351807
0.9915865659713745
0.11348157376050949
0.9936898946762085
0.9927884340286255
0.9902844429016113
0.11348157376050949
0.09546370804309845
0.11348157376050949
0.9917868375778198
0.9917868375778198
0.11348157376050949
0.9926882982254028
0.09805689007043839
0.9925881624221802
0.09805689007043839
0.09805689007043839
0.11348157376050949
0.9913862347602844
0.9909855723381042
0.9915865659713745
0.11348157376050949
0.2107371836900711
0.991431474685669
0.9924879670143127
0.94140625
0.1028645858168602
0.9911859035491943
0.09546370804309845
0.9926882982254028
0.10096153616905212
0.11348157376050949
0.09575320780277252
0.6341145634651184
0.9905849099159241
0.9924879670143127
0.9915865659713745
0.09575320780277252
0.9918870329856873
0.9918870329856873
0.7601814270019531
0.10316506773233414
0.9919871687889099
0.14362980425357819
0.9926882982254028
0.9918870329856873
0.08914262801408768
0.9899839758872986
0.11348157376050949
0.9907258152961731
0.9911729097366333
0.9898838400840759
0.9923878312110901
0.991286039352417
0.9917868375778198
0.9905641078948975
0.9197716116905212
0.991286039352417
0.11353490501642227
0.10237418860197067
0.09805689007043839
0.10096153616905212
0.9908685088157654
0.08959009498357773
0.9911859035491943
0.9307892918586731
0.9901843070983887
0.9900201559066772
0.11348157376050949
0.9924879670143127
0.9918830990791321
0.991274356842041
0.9926882982254028
0.9915865659713745
0.99213707447052
0.9902844429016113
0.9926882982254028
0.9911859035491943
0.11348157376050949
0.09575320780277252
0.10096153616905212
0.946225643157959
0.9917816519737244
0.09805689007043839
0.9915865659713745
0.9367943406105042
0.11388221383094788
0.09745592623949051
0.9382056593894958
0.9918870329856873
0.9398036599159241
0.09805689007043839
0.9107142686843872
0.08914262801408768
0.9514001607894897
0.10096153616905212
0.9910714030265808
0.9923878312110901
0.991274356842041
0.9920873641967773
0.9899839758872986
0.9297876358032227
0.9909699559211731
0.9909273982048035
0.9915787577629089
0.9905849099159241
0.9905641078948975
0.9919871687889099
0.9906655550003052
0.9929887652397156
0.9881811141967773
0.9916330575942993
0.9923878312110901
0.9917816519737244
0.9911859035491943
0.9914772510528564
0.9908854365348816
0.9903846383094788
0.09745592623949051
0.9911859035491943
0.9919871687889099
0.9903846383094788
0.8878205418586731
0.9916867017745972
0.990361213684082
0.9205729365348816
0.9914863705635071
0.9909855723381042
0.9927884340286255
0.99223792552948
0.9907670617103577
0.09546370804309845
0.09745592623949051
0.9906655550003052
0.8972355723381042
0.9916867017745972
0.9914772510528564
0.10237418860197067
0.10237418860197067
0.10237418860197067
0.09575320780277252
0.9920362830162048
0.11348157376050949
0.09745592623949051
0.9922876358032227
0.08914262801408768
0.9909855723381042
0.9909855723381042
0.10096153616905212
0.09575320780277252
0.9916867017745972
0.9896835088729858
0.8293269276618958
0.9231770634651184
0.9897524118423462
0.10316506773233414
0.16716746985912323
0.9920873641967773
0.9916867017745972
0.991286039352417
0.9924879670143127
0.09790990501642227
0.10316506773233414
0.9901843070983887
0.9916867017745972
0.9591346383094788
0.9918830990791321
0.9890825152397156
0.9905641078948975
0.11348157376050949
0.9918870329856873
0.9918870329856873
0.6960136294364929
0.9924879670143127
0.9924879670143127
0.09745592623949051
0.9906851053237915
0.9921875
0.9918870329856873
0.9917868375778198
0.09747983515262604
0.9921875
0.9925881624221802
0.9908685088157654
0.9907670617103577
0.10096153616905212
0.8342347741127014
0.850661039352417
0.9917868375778198
0.9908685088157654
0.9903846383094788
0.9909273982048035
0.991274356842041
0.9907852411270142
0.9918870329856873
0.10096153616905212
0.9551542401313782
0.11348157376050949
0.9919871687889099
0.9913862347602844
0.11348157376050949
0.9915787577629089
0.9913862347602844
0.9915865659713745
0.9911859035491943
0.9920873641967773
0.9917868375778198
0.7864583134651184
0.9927962422370911
0.99213707447052
0.9919871687889099
0.9919871687889099
0.7816506624221802
0.9913862347602844
0.10237418860197067
0.09805689007043839
0.9896835088729858
0.9909855723381042
0.08914262801408768
0.11578525602817535
0.9915865659713745
0.9932020902633667
0.9916867017745972
0.9918870329856873
0.9907852411270142
0.9910714030265808
0.9900841116905212
0.9910857081413269
0.11348157376050949
0.10191532224416733
0.99213707447052
0.9910857081413269
0.9915865659713745
0.9908854365348816
0.9902844429016113
0.9927884340286255
0.5960536599159241
0.9909855723381042
0.09575320780277252
0.10096153616905212
0.9918870329856873
0.7914663553237915
0.99223792552948
0.9895833134651184
0.9929887652397156
0.09575320780277252
0.9917868375778198
0.9922876358032227
0.9916802048683167
0.9911290407180786
0.9867788553237915
0.9918870329856873
0.9926882982254028
0.9911729097366333
0.11348157376050949
0.9906655550003052
0.9920873641967773
0.9916867017745972
0.9907258152961731
0.9914863705635071
0.9913862347602844
0.951298713684082
0.991286039352417
0.8309659361839294
0.11348157376050949
0.11348157376050949
0.9010754823684692
0.9914863705635071
0.9919871687889099
0.9925933480262756
0.10237418860197067
0.9921875
0.9897836446762085
0.11348157376050949
0.9921875
0.10237418860197067
0.9916330575942993
0.9484174847602844
0.9909855723381042
0.7916666865348816
0.09745592623949051
0.9925402998924255
0.9892828464508057
0.9909273982048035
0.10237418860197067
0.11348157376050949
0.9923878312110901
0.9903846383094788
0.9920873641967773
0.991274356842041
0.11348157376050949
0.11348157376050949
0.9914863705635071
0.9219757914543152
0.8976362347602844
0.9921875
0.8597756624221802
0.20586444437503815
0.09805689007043839
0.10096153616905212
0.9918870329856873
0.9914863705635071
0.9521104097366333
0.9915865659713745
0.9903846383094788
0.9917816519737244
0.10095373541116714
0.9475160241127014
0.9261819124221802
0.9905849099159241
0.9915865659713745
0.9928886294364929
0.9905849099159241
0.10316506773233414
0.9923878312110901
0.9910857081413269
0.9928886294364929
0.9915865659713745
0.10237418860197067
0.9903846383094788
0.9437099099159241
0.9917338490486145
0.9904847741127014
0.09805689007043839
0.7954727411270142
0.9913862347602844
0.8971354365348816
0.9914863705635071
0.9927884340286255
0.99223792552948
0.9917816519737244
0.9917816519737244
0.9894831776618958
