1135964
1158801
1170226
1260766
1292832
1341542
1371664
1496925
1544699
1587410
1647310
1741515
1938831
1969443
2117397
2130811
2132352
2307929
2422655
2496047
2560061
1466586
2753181
1245876
1572752
1868318
2039311
3305664
2211807
1672259
1503585
1871087
3586080
2076528
1605392
2433472
3874928
3888095
4047752
676865
793241
3079805
977599
752233
735032
1162131
2676767
2431572
2392318
3592993
2748275
1354975
852475
2444357
5402211
1890607
1805480
1425096
5690790
5715281
2486376
3803773
1971269
1463650
3585475
1740526
1416748
1553152
3472089
718684
1225531
2902799
3811696
1446990
2488942
1710042
1056815
2624738
1873276
2026208
1596550
2611827
1760886
747038
2574674
925259
1596737
5551196
3902668
1706967
1875891
2747131
1959814
2427941
1427900
5540913
1851010
810101
2304392
2323525
2158350
1472737
1090985
3252540
4699469
3970691
2025331
3302022
1862102
1773195
1215040
917287
2297481
1857928
9184627
818567
845887
4001012
2755422
1814698
3400877
2274320
4630119
3916156
1999714
9372744
2312481
1620109
1666088
1364735
1924809
1723483
5954269
825154
969885
2089840
745412
6724266
1516715
2625971
2243237
3815745
3156937
6723914
1117667
14990811
2122398
2183280
7465261
2395649
4355597
3016495
6606079
2995221
1866303
1604758
2983911
1209293
1955807
1876692
2631591
8911278
2278806
654729
1497540
688315
6391300
1918354
5434059
4325932
4283456
2293460
1913146
955526
3513610
2008357
2466650
1053461
1772475
1708986
1277846
3195543
1732726
1993427
4150676
3294952
3316475
1476003
2056278
2540976
1133640
918538
908687
1488410
3809093
20243752
10822996
2574753
4337163
2923186
5625769
1885468
2529118
1748060
2057445
2472173
1524294
2821682
3502392
4520995
2077078
2275065
11596452
1017404
1150925
1054298
1813908
2113991
1141028
12622278
4942305
1934943
750834
3641977
2001824
3612435
2540617
1695904
3221685
1886148
5992780
6154956
2873257
1308749
3025802
5632678
836708
1660455
3399085
1751051
2930963
2782882
2270562
2475069
24374750
5303557
15618728
1246284
20034983
2854305
2364304
2027645
1484896
1265563
2617811
1337275
1707694
969017
8815264
2583926
1150238
1966442
2548019
1167347
2642762
2787625
2810356
2113095
1966710
1088693
1915533
4025148
6676766
2781307
1053654
1051065
25611324
2225963
2247056
3493359
3103395
2912120
1063815
4799859
3312574
3744008
882956
2995629
709115
7656851
1805221
1799233
5716215
2615535
3565274
14225088
2638096
1107774
2492509
2467208
2331327
2378233
7265348
3214496
5893066
1165096
3498790
1379304
1345863
2890486
1919055
2581561
2850483
1474392
2605593
4532227
24807201
1316976
4042482
21023361
2145849
2251841
9444630
4594033
1911962
1348915
5426462
16498107
747517
3720094
2618551
3849106
2723488
1509450
1449052
1068749
1839118
16668410
2169671
2518732
1619350
3357295
2692740
1841689
1318357
1682075
4149126
2045883
848473
1515714
18324003
1503606
1593057
4996088
1113143
2950301
1756390
2039433
8561442
1076912
1330586
4029925
3302565
783548
1199480
3020288
1421925
1865475
6612992
1107104
1903670
1719586
1416679
4472079
4848834
2258136
1522901
3137553
2893523
1863010
3470021
2120782
3755676
1008243
2670926
1642641
859939
1408615
2239792
766591
2535760
2425127
2221383
1966076
1472995
688190
1015353
1424895
869068
781257
1508816
2821141
1095541
1094942
1732049
3082473
3207239
938249
884412
1324875
1965882
4974662
1775361
1102697
934794
882530
931754
1926829
3364895
1754144
2047908
906687
5237500
2144346
1622138
3160620
2026787
27171503
4071112
1061195
2099999
1767689
1431229
1972591
2368526
1852399
2769115
932292
1628269
2413732
3099937
4441475
1361935
1062592
666394
1875297
1121482
3440063
2547571
825092
1768824
1128292
2831671
2515088
5707795
3110545
879440
825404
1939246
1964925
1384184
1018634
1438578
1832544
30840697
995173
2186356
2690500
1277818
1454370
849825
1310945
1080567
2362613
22961024
2204083
1739791
1940630
1486884
876260
2201940
1840022
1683323
2843565
2266071
1544955
1890901
1906699
1331861
3061349
5408518
1321935
30855031
1588162
1381434
5857291
1972362
924956
1514900
4103788
1881671
3928306
4419541
919610
1946896
694552
949298
3864716
818203
2208098
2900800
2866585
2099031
15687001
1322126
2469731
2117304
3302060
4747510
2812290
1544883
21519183
2519563
8078672
823778
3357038
1022541
3748926
2403609
1211184
1901677
3515812
4330243
1599581
3147984
2739474
1777918
5942316
1139741
1601119
2042572
6888037
1854562
898683
2437614
840691
1614769
1081571
902016
1017803
713718
2266294
2265495
4182101
1877761
1202936
2235156
2075834
2042156
871435
1562601
1345700
1100781
1791974
1707329
2175114
1280916
3814748
1126092
5023490
3183360
9950122
1481686
1854810
1892809
1008589
5210048
999736
2756125
1402432
1354923
3988311
3010253
1105274
1834639
1807223
1697942
1895937
1849281
2085469
938095
949300
2857685
3145806
1749666
27462800
820341
4589898
1259700
2556081
3822176
1524601
1243335
3782926
2439577
1660479
1296165
1659498
2322307
1676414
3535939
1451862
1526323
1514807
3697308
1592242
3045215
1870708
2116324
2382093
3067033
2490268
2404459
820260
699899
3776963
807587
1718545
951746
1143864
2135917
1781532
2781840
1186913
1034508
2395501
1963437
1055110
5516077
3016751
1150660
4453723
1136319
936534
5612130
1572674
2509542
3410124
2199336
697225
2222051
4498496
3192865
5012090
3022516
2323229
2285009
1198354
2072024
15374126
2403796
2398391
1223758
13470277
2325079
3845266
1212263
911279
11409518
25284798
2912063
667674
2830303
1236328
2230392
848698
763886
1831644
3516073
753036
2391401
1862788
795540
3438308
3301603
1193720
8246229
1743587
1608479
10970448
1473345
1234662
1932765
1349575
2300364
1548208
2511447
893131
3780510
2180756
4902040
3004376
10333408
2450700
2761580
7747166
4555892
3503303
1165366
17083244
3751608
1277235
1121036
2694305
2492088
4477995
3361395
3948353
2136789
2682474
2391605
5309643
3216793
1184984
2412240
1069384
2108114
2484086
6253050
2673491
2202632
2153158
3822059
3116993
2595969
11527919
3395357
968876
1144151
10565950
3388530
5167483
1217519
4889977
1196633
4279184
3939379
1633076
2107069
10735642
2888190
2042033
1955463
9260892
9286922
2090248
1184669
1999352
12150943
838798
11991398
2245204
906220
4657203
4464755
1814351
1803812
3515939
1005029
2173071
1922129
1600411
1261175
4434685
6560790
4337384
2474319
1933962
3065771
1753466
1914248
2722095
1088226
2192335
16191265
2795896
2413925
1888159
2202664
4217395
2296951
2153488
1743410
11451736
1936641
677127
1035122
1471508
1445165
1425227
2091733
2001095
3556623
1753180
2428365
768266
1615688
1533061
5233207
1717341
6039592
2244069
2261642
1891762
5326927
2407778
2064352
879697
3589721
23468823
2686264
2188110
2100383
2425011
4444379
1918286
3720272
2505227
1921115
5639294
3295448
1996368
3797078
1586333
1788649
1495875
1806689
3674969
1802887
4721173
2135149
2919165
1802080
845861
8000237
1665185
1995826
691113
1992579
2393317
815456
1876374
2070629
1780969
1085518
1497331
811996
4454164
896872
2206322
4466535
1990030
2578094
1957784
5329965
1237737
2222929
866457
792534
796587
2321811
1581555
2447714
2949353
4369020
877572
1654505
4838172
2142523
4319631
2241968
839863
1546652
2073172
2230788
931038
1726639
1068598
2561799
2178812
2695538
2068021
2452431
1355269
2249316
897516
2732193
2837996
2970431
2931182
1979736
1459537
2670653
1060970
2797963
1663610
14767679
2121722
4215189
1847725
2149107
2263974
3159099
932268
3352554
2475127
4514177
1121640
838830
3233534
1418810
5338073
1503643
2085772
1399103
5852977
3341893
2486440
2055270
4663652
2795099
1234261
2524699
1193204
14719461
2674643
4276666
3633441
922535
1885691
10801113
21416734
1538911
1486789
2625452
1002996
3312407
2462371
2805858
5168786
2839622
2120815
2320162
4114254
5121920
1747158
1871942
3523427
2014699
3322745
1514771
1657267
3482414
1142687
1840026
1595236
1349379
813989
1906741
3585064
949177
2809580
3777047
920797
2380310
2825546
2575923
1562670
1765977
1524829
2897986
1746403
2575237
1853005
11492726
2893192
2373298
2755187
7716348
7460729
2591000
3382417
4624222
1883384
1961122
956821
2593422
1409635
2218367
768554
1110815
1554535
4134531
7827719
736041
1207370
3780683
2058585
5614316
2562603
851590
1562993
6792955
2187592
2261087
3108390
1153368
2267330
24756249
2787079
1574972
1031528
1933326
1675085
1784616
2463747
1925451
2769717
1647673
2488043
643019
1073966
871918
2920184
6627979
1933658
1210086
1143448
3360671
1930431
2619011
2893904
2962911
4517671
1392928
2412762
1384799
4291435
4558358
2725486
20464985
2086273
688907
1168154
841505
3038174
2268546
1409092
773288
1846104
1379320
1823947
2099618
1816597
2242294
7598167
2286257
2254742
3601132
1987582
2003168
1180231
1245103
1078431
1281439
2238050
861314
688170
1359345
2445477
17386051
1460451
1410972
1732069
2239545
977925
1280098
5334874
1886854
1998658
2005640
778793
1566423
1324463
1014385
1190169
1125891
2160502
4315738
3822356
5301569
1446829
13355254
1326227
2392161
2108425
4050450
1920444
794158
5723867
2666228
9025232
1181932
5352722
1985161
916272
7188615
1326937
1997346
6692149
1629363
2597897
2477633
5123917
1737037
3324536
2590795
13803234
2232379
1434047
1647158
1320932
2121250
2165159
2097528
2404258
1163894
4665739
2252993
1508255
797398
2458541
1393535
828840
1034135
1179624
2581250
4375947
1219455
756247
2133641
1115914
2319564
719197
24572951
2595429
870100
828084
1500436
3908846
3616300
1367307
712470
4828979
3292596
985221
955099
1462329
10530891
2332588
739494
4808979
999367
1588763
1780649
3389325
1252088
1705184
1722861
1303244
2504711
17238486
4192219
2223546
1154490
1232623
2761496
3540984
4161973
7415819
1022960
2443046
3012557
1360429
8844060
2573075
2856178
2534865
4579925
2394478
1124831
5243104
3327644
2731674
1542610
1927225
1184179
1752626
1874011
1604993
3066449
2576508
2549290
2330959
2398009
1979563
785078
3258278
769323
2859725
779229
2376756
7787692
1343533
2414620
1923602
2859239
23912407
4350905
864795
1193030
9533614
1434571
3158628
2340381
2288911
942949
1590318
1985279
808398
1870579
2598405
749687
1580172
2154509
774005
1197643
814153
622667
2110080
1760058
1136872
3518639
1742794
2552830
1168690
2150905
2766084
2771021
1062613
4635196
2298887
2394245
2150605
2463686
4143491
2393970
5049043
2074965
2920680
3413588
33396179
1975223
3697336
2519495
3155507
957576
12369154
2452223
983848
1077760
1908204
1984020
2918103
2114976
2189126
1433439
14974914
1138320
1494723
2675063
961959
3663804
2218437
1624099
3027068
4685604
2658572
2245368
2496169
2269777
5432406
1436500
2441372
919743
1492669
1506886
3005657
970947
1692741
2483884
2503347
1815109
2515680
2118347
30769669
1099936
1918078
3030447
1852050
2359510
2538793
10584913
1403348
2699148
1402938
3407693
3800189
2431891
3692273
2491958
2145355
1287158
2626515
1305185
2949381
990041
1218592
805131
1608862
811916
1573037
2634168
4733050
861162
2097218
2934738
3247445
929946
15221063
1220581
3245034
1057744
2057893
2940710
832230
2528180
1715421
3332693
6232448
3610859
1842815
15711383
3533678
2917554
2159297
3970370
2541325
5377045
896919
3250714
6121599
1246424
1714640
2080942
2130441
1023530
4980586
1203374
1711303
844761
1879062
2181878
1692321
7752096
4645151
2554341
2835294
1964927
1778008
730379
923619
1422235
1606267
9492288
2267430
764236
2710907
1285623
1756132
6211472
4347351
3178530
1480556
3302023
1340988
2016544
3019788
11230828
7547012
959900
1687403
1626374
2205601
8871756
1614879
1882153
1188186
2228578
1997580
2855640
2498219
5514730
1006055
2026749
1736393
2089765
1056810
2408576
1452158
1405612
2570664
1354924
1172049
2429524
1515930
13153530
2514943
2446984
2486304
3296201
2802357
1079956
752659
737559
17812544
1171253
1627251
710765
5242457
2284620
3123890
7072888
962627
1956064
1942431
853659
975164
2398717
4118175
2132719
3077628
4735560
1182019
1975495
1475372
1940707
14742654
3886779
1087998
3367658
1024982
5630763
3447113
2193080
1192219
9680492
2049480
1710210
1835947
863265
1570109
1706231
1173068
1184705
2498379
1491620
1671015
2537397
13171126
1680783
1697836
778601
2136957
1238717
1631454
3178218
3595833
1196474
1521038
2330556
1364110
4199875
3257662
2684776
1781318
2031117
3548649
6010596
1680135
2288354
2263004
2685943
1353530
2261250
3026984
2270083
863329
1510788
1675814
2317373
1455905
1237351
1509661
2702699
6301792
2296863
1156595
2017951
905462
1806782
2875378
2056335
2349741
1878531
716803
1234508
3433887
2800709
1209213
2083561
4402410
3178181
2523701
6779789
2049837
3757692
2390300
1459081
1045092
1716402
1822876
2653262
1835157
1317472
2603179
2507135
2553711
4404699
809947
1540417
3546210
2873673
5450987
1930728
3880168
2690155
4145119
1754187
1638857
3269167
1167574
4164377
5844713
10234452
3331134
3847889
2819807
2788794
1920484
2542393
4083505
5086337
3296272
3480801
4392404
4737675
1669793
3107058
1736056
1732385
1707409
2514964
3474771
5469676
2689277
6732170
1312904
2142238
657906
13956918
2544476
1019960
2309730
11523271
3868470
4593528
2779304
926427
1849929
997931
3961965
2143313
673090
2676304
5992812
1030762
895317
4248382
880880
12869893
2676525
2581327
1065736
7287036
1440381
5771484
2042065
1909479
1213370
1223528
1725032
1926290
1461201
2440943
2223795
2579256
1830821
5251287
2790619
3415136
2060197
1941292
2506386
2379256
2069538
1599097
7627515
1108496
4219123
2232842
5978222
1780488
3140004
3686116
1819425
1621009
2365216
2067986
1889610
3828246
723696
3303644
3538332
1327431
1826532
2160763
900668
5983380
3196050
1934503
3108341
2798102
2179254
2980103
1643006
2315500
2088534
2616294
2755589
3161499
1780281
2708420
2866153
3882102
6140037
1055406
3648952
1572285
17423643
6219607
948304
1441297
5138794
3046012
1572833
1008351
1685801
2159536
2518885
2216929
1752712
1428666
1732993
4140623
1575445
1161431
1482767
4517093
1054427
1978186
2453309
1108621
3687829
13705499
2184567
1437753
1459788
1077866
2676847
1435784
4383418
2427282
2210692
2239564
4615039
3272126
1948570
2816139
4327518
6797422
975295
1054984
2030530
1480551
930776
15875210
1782875
1298993
5272566
13960261
5586660
10760621
2857292
993887
1769250
2513387
6009183
19824696
2414854
765474
2053940
1336939
3721880
1174824
799013
24480298
851556
1078434
3114545
2395694
1891892
1429392
1332199
2566065
1694734
2234972
1831035
3176688
2921860
1505173
2434691
4999704
1729878
2456022
1887633
1613681
1738727
6219725
4117863
2807814
2592651
1849680
2605647
23894730
1718283
1936944
992318
18043264
2208971
2845568
1673252
681915
1447935
2057742
1270436
1450121
2656232
4407112
4444128
2977615
2540765
2954709
1180119
2618595
4875577
15310157
2079470
665303
2290196
2508455
3399470
2133345
7625281
4761355
1919695
1983984
1645831
1500868
1126268
2112343
3539036
2152753
2917893
2496710
3917498
1108248
2527916
1089001
1467202
1740483
1187060
3121928
2917910
1440886
2851624
1752221
1735036
1547416
2713566
3586576
2931297
2744503
2130750
1523998
762055
1021327
951954
1058491
963009
17167636
5107513
1993915
1437201
2756330
1282746
11627784
4084247
4749729
1214162
1218198
2802456
4260700
2542013
2480442
925651
6751028
807544
16233419
5802536
2925285
5652299
1022817
3538621
2483896
1432256
4565720
2725251
703156
7830283
2088293
1749742
1863395
900399
2600016
1442444
2610102
2770180
2316847
1889704
1027892
2319916
3410742
879183
4480822
2290100
1909509
2568525
6386402
1408732
2276565
952384
15371273
2093985
3453999
1429090
1623595
11690464
3812939
2384060
1324953
2303884
1320862
2153495
1654380
3835424
2153573
1790127
4633830
1709016
724425
13194829
2015010
2514175
2117169
1825388
3015504
1308678
1729641
1074308
1128958
1511675
826697
3085463
1381523
1245989
1603135
2968319
2103880
705065
1819525
823632
999748
1532837
3570964
3568693
3199395
2731687
1567716
752799
1723339
1228820
2887691
3664484
772291
2970598
2022752
1802164
1091483
2104495
2437514
3539956
1790678
939420
2189649
2442445
1700712
1559533
2808200
2120125
2624079
2796128
2302628
1540592
3374412
1603082
2106712
2341892
2262251
3192920
2572341
2321926
1667504
8049211
3424544
2493208
918853
773122
5565236
1994507
1573173
15757540
4421197
2031313
3447332
3000860
2594373
2713518
1492063
6080685
867738
4420345
3476534
2327296
3084508
9816987
1351624
1343540
2186354
759208
1969659
4653186
1432071
2969629
1071291
690115
1995379
2457289
3561060
2708170
2174823
4255698
741499
1060424
2718325
9712188
10068063
2060368
3625115
2667652
2588023
1621507
1876535
3606761
983397
8585870
1976657
2052361
1158226
896437
2064514
1344079
1237999
5057820
9210509
1652254
2908593
2483100
2044706
1005222
3874645
6611613
2114338
16718421
2917004
1223851
1298118
1120952
1465310
2507910
1356392
777294
4624430
1292920
2419268
1033580
1853954
2180021
996143
1919526
2604377
6879248
2599288
11580526
1220419
3966280
13458415
9407875
2651633
3044145
2254653
961250
2044675
13948270
4035202
6677255
3683264
1899625
2363747
1563703
2063757
1828257
2603933
2736058
985660
26990003
2142456
1600003
1054066
2779940
2825453
1158234
1989327
3521816
2342437
1240085
6973797
596933
1004691
2016694
954810
3867841
1003686
2716780
3385931
2084070
2589704
2611315
18869422
830176
11805146
1009747
1984973
2462366
1869639
3014269
1704080
2224326
3666241
4479839
1980451
5236727
794340
14870160
5627297
2042803
983504
2162410
1305555
1916609
1937343
18556188
1394849
2471822
2783461
8481739
2026816
2396356
3688530
1143408
6962407
888133
1353181
6331609
2019665
1198275
2647648
1276060
2810685
5805275
1430484
798474
784812
754477
1560752
4712173
3077914
1726713
1600401
1776433
1591760
2323576
875237
812671
1363547
839992
2490505
1798354
3323101
1127215
1975229
2917848
1360731
1550064
2893442
1750038
1364526
2840147
2274844
1859092
832507
5089557
2101561
3169081
2018677
1191095
2130402
2957597
1628418
5550049
3692500
1467913
2443572
2361786
764534
1937078
2390667
1718325
1436058
2906564
3387640
1709043
2795286
3173503
2398082
1725463
1748161
671375
28915362
1088256
715171
2941740
14481502
1130833
1537353
3133205
1302193
2507672
1629640
4614453
1908101
697933
4066540
1650412
5503489
1314894
1420273
1281281
838690
3689729
2539381
1225029
2057187
2303645
1536515
1152390
5109311
1575340
1922614
1226241
1617581
1002371
3281848
1123854
2084668
1147238
1846821
4438889
3830694
711626
2743079
691640
3324302
3224983
2068385
3581319
5283185
1726951
6370870
1791489
1075760
1644118
2391789
2216578
1044598
2293502
3466976
2996975
2614333
751309
3476168
4009252
7791077
2054583
1665626
3045257
1186527
1567190
2537081
1365929
3118791
2276293
3836737
2427686
1957719
4678945
1794038
3595433
2816016
4427663
2030706
10677835
3934362
1338953
2880533
839838
5108661
1096410
2035338
954910
769343
2758016
1807192
2386453
944236
1245566
2576157
3704911
2334979
924694
13281603
1718236
1399078
4248162
1033960
1891157
2536093
1046614
776933
2168250
814051
1962321
4625919
1947487
1321097
2024445
2438248
2406573
5751839
962618
2276701
767851
995564
3239202
3263368
2277533
1217395
2158094
2553562
2827927
5144013
1324690
2071548
3475217
2832349
1402945
1402149
3205888
2001401
2060862
1614789
1959933
1275866
1313243
2251480
993095
2241017
4208221
1960579
9435303
2045968
1088040
1473191
2357621
1184635
1601137
6232043
1552967
854603
1245596
3378226
1749243
1291564
982626
2934659
1933309
2286087
2605145
1922109
1295195
1056017
3602890
627659
3466596
1961732
1070797
15404937
1604582
2572836
4870454
1002945
3417492
3610094
2970541
1577763
2822336
2372356
2515482
920151
4660443
626285
1277906
1597090
2123894
3689220
1755022
1976630
14430913
2122707
2318270
1709209
1413916
4943353
3636925
1283009
1475242
1756989
3061634
818218
2857460
1610318
921716
2403079
2376254
7077873
2989269
4399099
3791931
814573
1787720
4104756
1799946
741218
1308816
898660
2234463
1379835
821454
2636226
2194512
1407802
12789782
1172058
2282840
4085372
4746840
1728265
1473091
1883992
1128833
4386379
2545705
838481
983469
9054773
2084475
842582
2379291
1861633
8653956
15619534
4507382
1543700
1506867
4048186
30634298
2218178
3887410
862081
1073692
1403071
1880292
1126378
3082112
3074588
2502526
1251947
2661417
1404916
2081918
3797953
4737958
2719857
1300711
6888931
4155594
1880974
1012180
2238379
1063056
3184448
1348871
1693034
2246940
2778163
5989055
2344455
2569715
2472880
810339
1179496
1840624
4270036
1927355
19257748
7303669
3342892
3758725
7778850
1650911
2017212
3923875
2540781
3478375
788619
5319703
2665766
3142570
2165481
2612375
2871064
2036049
2793252
1886312
1164648
3305393
1029797
1031143
823711
1468614
2773974
3140813
3532775
1122015
929667
2654270
985722
3187853
953200
856900
740733
837182
3069860
1214699
863864
1015330
4242441
1757598
4217566
2399379
1342964
1558972
1346762
1699825
2386890
2514661
5331278
1226116
2542067
1600495
1514742
2298370
1417514
2774706
2861361
3117037
1803900
1052593
750330
7758271
2860145
2977568
2033644
1582797
2983869
2086998
1326596
1887280
1155869
6093276
1910360
9504609
753521
1148757
1815683
4402687
813703
2877993
3829512
1316627
4800290
1812182
9330363
3815454
1674340
2591088
3304802
4824664
1731471
1633952
962917
1944259
4209244
3193972
11320017
4611476
989000
1641837
2658660
1809618
1004173
4561114
1784322
3150875
2206915
2037444
1649426
1146035
5091679
1315612
1627375
932708
1733894
1156580
1583852
3432520
2540977
1036842
1070691
876595
4040813
1271764
1917693
1570143
2861977
3871102
1071199
1076045
3856690
1710499
2037353
3610294
1499912
2015707
2360320
1929275
1404264
1561284
2466482
1981011
2280861
1152891
1472683
2959714
2683889
1631219
2433676
3683741
10348432
895679
1126057
11424150
2950103
2941246
3390583
3420536
2728651
1311551
816187
4366780
4062573
1257419
1026449
3033975
22673283
1568176
2506719
2374645
1505787
948515
2168799
2467619
750870
1608186
24674836
2293440
2332416
12434736
1283678
2569198
6204678
1578195
2122412
4492208
1706216
3998535
1382307
1001385
1957767
2759860
1593928
2688899
1552295
3947679
23116021
12218387
3099888
3489999
3053658
2014640
2223336
3077140
6212507
2217694
4262790
2683795
2166639
1997749
1227360
3568679
1120640
3671483
3689874
1052951
2909213
2294513
689798
2288145
1153142
1890891
3239973
2856785
2718508
3984079
3270995
1250727
1907985
4372813
1344610
1590085
5883970
2665500
2016741
2500515
874735
1460216
3899668
2102197
842169
4419598
18214829
1615445
876912
7003870
1950295
3903911
8132201
1246653
4523553
2606344
1469872
3425900
1467324
2666189
3328783
1933168
2602817
3195990
1905712
2273266
2774327
2195676
2639949
724918
959417
1805088
2713515
1731800
1859373
1552942
1865046
14764251
1094629
2180176
1285323
1750382
3578635
1472349
1251810
2156821
2219828
748845
1450772
4691375
1111973
3803891
1369514
2368815
1014857
2188867
1030364
1739431
2086008
908385
1662034
847890
1463109
4360607
2914233
2554947
2874291
888607
2080229
2591134
1216496
18584185
1770842
1481214
742582
1704749
3056450
3462089
1906146
2120578
7522939
2250230
935360
1141546
3869518
5068955
2624652
21788883
1658742
3492760
1781409
1529079
7104007
1982829
2333995
2234632
2050476
772597
1577651
1760477
1152499
837407
5075969
1986700
1415031
2381793
1103738
2884766
2485293
3128560
3114457
1534085
1782758
3121609
1307922
2420122
3606057
1852825
2035032
2905985
2464595
4057533
1641588
1153949
1451324
831225
2384360
1292617
948195
3373195
23053075
826965
1837810
829465
1696137
1353254
1094904
1126543
1387081
1007664
1973109
4545645
3957985
1711606
1745831
1453142
2730436
3881542
1213923
2201707
2662523
1288624
1790617
733419
2781999
3984839
2072910
1986120
888879
1457776
1160691
5073867
1579299
4822509
23402995
2518964
1489287
2258993
3233428
1247646
3247510
1092548
5491123
2278492
3710487
1310725
2102352
2730727
2039676
1509626
2273200
2201898
4407173
902611
1172840
1914352
1069310
4813408
2881346
2840368
3249138
1596390
1378570
3308981
2668764
3849781
1348931
3547821
2224662
2841445
8192206
3493644
2218736
1709806
3669769
4567288
5643175
1554430
1154496
30965520
1607596
2188825
2593071
893926
2782116
1361499
1481858
1331130
3175066
3345150
1649235
1716189
2815262
929471
735605
1711198
1824487
1448224
3283329
1951438
2269176
992819
1750408
1975948
2186979
2492340
1782135
1126015
1541369
2478388
764468
13221849
2300863
2227523
2054267
1018962
696893
3148161
1254734
2045958
1826860
3525274
3150814
1212962
1718533
4080738
6881641
969919
3054946
672553
734638
747171
2278725
1894131
3548768
2199146
3686794
7913039
2147901
1000968
856187
1701548
2059723
3739595
2020456
1027490
2090838
1806881
1286350
4986415
2204086
4461922
2135120
2595968
3250441
2862730
2681670
1778954
1570331
1619215
2619699
1254452
826869
5970134
998837
4292281
3602202
4857576
951504
4502254
806528
2404938
2220932
1323749
1270836
1199846
764344
1014182
2289806
688970
1169881
1281733
4965825
5689374
2029968
1589910
2355315
6326829
2066200
914314
756885
2085449
1966568
1364603
2157560
4142209
2725343
2379682
2506215
3324099
1690864
1185214
8032083
1907704
2493564
2095367
2214257
2487237
1215105
3252022
1652205
8833957
675485
1420166
2249206
8168103
6558981
946129
3500087
3304199
3160140
1462324
3280753
1537640
5601967
21593366
1369939
20941981
2925252
777191
882591
5846768
2657257
2264185
1931920
3901740
1203994
888406
1572131
1268807
1833592
1981718
1366856
2553325
2300734
10635348
1139100
11503219
4491287
998313
2567500
2742460
703426
1303823
1370143
1361048
2223797
895034
2813617
3165760
8702098
1581058
2804183
2315217
2044501
2120244
25628591
2464246
2933816
697678
2671779
3621170
3072382
1053488
24672145
1155411
3000017
4563842
5477346
676727
877923
2102144
1491303
2127032
1906586
1585767
27426052
754874
1820956
3507284
1224115
771513
3150965
2302591
1483137
3264904
1296656
924690
2252374
1775857
2982553
2088610
2452328
899856
2295460
1736058
837158
4137488
2212224
1482750
4746951
5265095
1215772
5898147
806330
1912277
2314485
2382885
934778
1368719
2242068
3283657
3392681
2601051
1056651
1976633
3834003
5866820
1219009
5623675
1703826
1217882
2219757
5013023
2284375
1891389
2013600
1788429
868799
1324876
945778
1893910
2598339
2439755
11844217
2809499
30527368
3259349
1919947
3544800
6104700
2688825
1366152
3861694
2011295
5029930
25471032
2112243
1916678
1140096
1082290
4724969
987140
1390784
969516
1031872
653300
3900121
2509259
1076124
977273
1981326
1193515
4296470
1818967
2144966
4999413
1754253
1905982
2205090
4923403
1938178
944249
2658984
1381729
1035092
14727605
1531200
1441884
6680218
1812967
2150627
2046042
2473063
2726550
2235646
1788705
835214
3663671
2218244
1708962
1673920
752011
1080233
1137178
2387743
1066899
2454320
1260345
5841299
1572998
2176655
2247654
2719991
3619300
3914629
839031
1755005
1166164
2781360
1162987
5095728
3185795
3509206
2246088
3486643
1012812
2586611
1277424
2352701
1569972
2009378
2441974
2132701
1756873
1772360
2043181
732210
1447728
2342821
4626508
2990481
1468358
4499255
4635588
3624920
2627471
2704371
1942540
2051252
995698
2492621
1306997
786684
1502272
1042686
4856107
1254244
3793136
961323
1997278
994898
13309569
870347
1529358
2342397
4634897
2343951
1730115
2930440
9984837
4146386
3270881
2068063
1993833
1744710
3004929
4913652
2119420
1627802
835301
2411536
2013215
2159555
1722077
31287583
3253669
2182462
2168740
1238364
2181778
1809402
3531993
711811
842548
5054981
920714
3289180
2311658
973891
4501491
704088
1730450
1516873
6155899
902807
2314423
2611462
1695584
4744075
1287008
4255618
2282226
1152551
1132887
3563679
1614739
1802912
1190220
1387859
3400865
1026265
10486470
1152468
4517529
1412327
10137254
1288432
1211003
2503925
1084791
717630
2327245
3112216
2914538
1309932
1992535
1639764
1703365
2133933
1749088
7399014
6083322
4185501
3330037
3734304
1110469
2657865
2929882
2089617
896640
1888697
1091448
4684157
4973297
1049082
1896253
2328112
1275750
869943
1759991
1621963
1951266
1457068
4720969
14014304
938389
1258024
2027377
1632509
3635053
9248139
9157973
692655
1678856
882058
638215
3377177
1521214
3763192
2760101
8690899
2074852
3852184
1400559
3179279
1047127
705787
692340
1292151
1414276
827291
2357311
1941959
1328141
3928959
828671
1662034
1282000
2086376
963496
1244659
3590532
30843214
900689
4404246
1194342
2344321
3307258
1499601
3136947
4836083
2900043
1337342
3369642
5394336
1666904
2589334
1868664
777709
1398697
2462149
3726336
1270267
1504245
2024121
6899808
992776
3040556
2513934
3119983
1262567
3715536
1219199
1980823
911147
5055813
836584
688815
2319129
4747227
1022408
3277557
6003735
3556136
6968625
1147315
3258578
1353230
1975430
1827257
1079137
1098750
1822571
9294576
1820052
9221535
3646329
3945003
1380852
1295040
838538
2293217
725298
10701635
1893996
1628912
1914702
1380576
1772129
3394938
1494941
2731774
4410041
4930574
728385
1796900
2950857
3754679
1935529
1900007
2215613
2410205
1128351
8100696
5065267
2004960
2145655
699993
1962812
2582746
2621579
970016
2238465
2602437
1255726
902599
1052076
729559
6879294
1667358
1285657
1328161
2737186
1690266
2789114
2176964
1698986
1107295
1761360
1714091
11729412
700083
1817613
1674995
5584179
3870288
612346
9283800
6750095
3711279
1878381
1128453
2422257
2491397
1483917
1077295
2641022
4940732
1191024
1758342
2156885
2057011
985022
14098339
1332306
986925
2445846
3619945
1033730
3837727
3906567
724947
984722
3190722
2507321
2922063
2164343
725485
1611809
2357277
1152309
2493966
2419895
2385994
3535043
840034
1742156
2773904
1386476
1593901
2030081
4349766
2232952
8517780
5050804
4285862
1906402
1507710
1100217
1364511
1517250
2185816
2231157
1480599
1984816
1772190
4778958
3071136
6652218
1948333
3671915
2902552
1959055
1551055
4532993
1050305
2808010
4590894
7219949
761973
2494402
3021133
5869452
1198673
1464871
2017923
3736200
3117592
5408491
2307702
1784964
994850
3093204
889806
3749952
1154404
2067594
2125331
6045108
1973840
2504582
2208723
3262433
6429498
1015819
1923426
1212029
5327017
2403130
9238934
5920326
2273655
2404161
3772245
2943724
1140231
2854584
1430316
679509
2858536
1593502
1573983
982715
4179877
3424075
3673750
3887827
1362413
1560608
2278783
2497941
4884004
2386486
11716700
3863675
2134221
4826900
21464811
2060892
2306884
1097800
1888523
840591
1391907
3160985
3075393
766016
1193636
1693620
714687
1222368
1189547
1517623
1742404
1233851
1736088
1735366
2145161
4450856
1230497
1023158
1549434
1165695
10472233
2074939
1264348
1996050
2893221
2327563
3714585
1932819
2643641
5943073
2371572
806422
4133294
1064736
2038692
2014949
3644022
2301565
2549550
2829966
3440539
5714589
2446291
2767712
3054869
2398719
2950350
1735420
2049600
2272427
1905933
726110
4149909
1414379
6317682
2080076
1814093
1757462
2487582
9052659
3562472
755688
2660913
1068782
2940806
809046
887002
1144748
3033520
922461
812962
1580540
2803949
1084212
4285755
1027743
1247793
1715032
3972609
2204585
2504689
5056769
2139203
2962618
1702929
6378130
2237757
820451
1635385
2949180
1732915
18265036
6440686
3283047
869242
1943147
2844799
1655367
1471484
5977908
3923645
1905114
2703348
3674831
1411271
3843646
896107
4404207
1080948
895172
2531264
957887
2247976
676027
1155051
842779
2047807
3118462
2860083
2323323
2226599
2532619
1177259
3095788
1756301
2241512
1742194
1758439
3520005
4040774
1082088
1226800
2111239
2782872
1132733
2696324
1955199
2156474
1933899
2009833
2346607
1469825
1134649
2193524
1474065
11961376
3723576
11826234
1437951
1291307
959750
10996775
6888656
1698002
2198654
2325184
1552048
1453250
5810889
3655485
22802638
1691123
4781345
1120416
3039611
1609672
3915856
2263608
1189093
3135863
2006885
4036649
2097863
2979938
3917002
2017510
2065073
1655489
3524280
1704647
3773314
2152669
2063084
1524403
1952193
1861280
1724763
2451362
1306814
1877445
1616853
814238
2388467
3871146
3893590
909769
1656875
1284081
2315335
1780769
2742642
2119576
1426655
1099683
2491685
1391552
1557804
1145482
2030741
2680504
3985586
1786771
892526
2172517
4189859
1314754
771153
1616428
3048413
1776329
2921859
1889110
6741079
2532717
4950408
4522051
2458830
3346229
2573724
1756355
27322770
1921016
1070915
5859502
4150958
17117990
908154
2533976
1676532
3628790
2949637
821242
1067261
2568797
8707544
5252865
4512555
2379544
2242759
1662176
1965356
1653119
1226223
3872362
4811956
4516470
4066435
2485427
2723148
4194682
713303
2708543
2110435
2171658
2708861
4218177
4864332
1644751
1428238
1131029
1455945
7170980
2241083
21576965
2709219
2744990
3341126
2113415
1155329
1022628
6803535
1647890
2288250
810356
1068073
2448216
957281
4436713
4007078
4709494
1254665
2997296
2190673
1209625
2019003
16472147
2782571
8232019
2629799
2163807
15566610
2224271
2152178
2541159
4123717
2037893
1180190
2735694
2420360
2639108
864220
1793139
3315386
2652415
2728976
991365
1568425
13905258
11348794
3003279
4682525
4254734
2462761
904348
21222312
2149457
2062031
2374339
2243504
7843155
1327451
956541
842000
3472174
14685345
4322928
956140
1433089
978073
1736955
3424687
4356624
927169
2497302
930051
1791521
4052500
4509914
1736415
1995635
825636
1693697
1869517
13812372
1090934
8839635
1313289
4231933
1536766
1662819
2371296
4678370
1047397
1632154
1072149
3267995
2302337
4551372
2238938
3184871
4292765
779419
1146474
3607573
1533469
5367121
1949129
2363468
713269
2928968
2007579
29146811
930760
2796996
2058210
1859935
797989
777908
3368924
2548139
779685
1358873
1001938
1008098
4852756
883351
2881748
1489260
1717424
842895
1031305
1497244
993028
4552387
3416531
5630915
4422950
2375453
2107211
12956779
2204312
1922287
1623184
1603702
1106242
877205
1910690
1892674
1246810
1177570
4751372
1941676
1217031
1313334
2692362
2553407
1777894
1197520
774300
1740638
2696099
2674195
1138242
829737
1071744
2631089
3322194
661390
2546299
2478510
2403205
2749112
1313009
758370
8456170
1955060
9329789
835722
2309767
1214154
1237641
1468444
1607178
1941723
2298714
891604
2744355
2588679
2236702
873011
5267031
1163260
816848
1993635
8890382
1618717
2903378
9324520
935236
1287507
3818514
3534911
1171062
2084490
2670889
8315382
1780277
1676581
1660581
1345177
3448970
2396416
1909429
1997681
3106349
4697605
3833203
26492105
2907119
1236246
3846697
2485114
3678102
1154119
2652331
2334600
4708976
2810170
2235019
4006092
1910300
9473828
4566229
1878675
2089148
2107238
1724783
1215773
4244079
4234486
1972330
1971924
3859642
2117378
1881735
2071250
1753394
1901835
3070473
2375444
2980005
4963657
1131249
2387462
1967699
13894582
3666627
1302115
2441020
1839498
1979406
3476651
1946278
1647147
763164
1429451
3765174
13022303
2572945
5239933
1527798
13615931
4202507
4590560
1594969
797156
1985160
2941003
2602137
2722450
1948429
1177014
1966122
839917
3107782
1448140
2548595
1165794
1062900
7614366
1279130
1283523
870597
2461994
1590168
2318700
1049776
2948567
1466127
703849
1931119
3925858
1627382
1253053
1568658
1213853
6335621
1126213
1261234
1267984
1190826
1412937
2375142
809201
5153998
15686737
2534260
3825905
2211323
1254806
27087183
1248650
2242712
1600315
1659890
2624796
922539
19006096
3840249
2623892
2104131
2591896
732031
2666382
1113197
1058444
3113950
1276256
9298849
10097443
1020322
2353294
3148055
3628450
3320579
1611880
2095304
895012
1512921
1479346
846281
14283757
645927
2736858
2371868
2151470
935176
16218343
1533909
850837
1739107
2319096
2915712
1413108
8921599
1269847
2370876
3108047
1917417
3877366
2791113
972165
647336
5845300
1096986
1257936
2748674
2605853
5860345
1581084
1108969
1230493
1005666
1457310
2868535
1388420
1854229
1527029
3117506
1643880
2136627
740143
2870043
1717440
2561073
26007332
2126980
2732724
4073353
1454588
2299349
2907309
1804719
1989366
3165513
1825185
2719976
1249432
2402053
1044803
1853679
2338844
2442112
1672550
2536416
2080288
1770571
1854161
3824639
4143726
6112946
2118929
3767558
733876
2636259
645922
834781
700183
3422976
1847635
1267445
4863842
10557215
1977173
2012603
2128193
9086817
2039561
2346711
5284421
1117455
6208755
3544741
1138036
3147495
2151297
3478691
1793939
1961306
2262357
1470489
2108463
4607310
2534620
1062814
2039493
3712656
3445492
12378514
1747327
1742441
1460725
2086448
3241647
6896000
2692966
2942381
1107761
2580668
1838100
6613687
2565541
1217278
2934826
1996170
10598264
1526465
4192753
3795448
1564645
1146734
1384788
2208356
3047873
3759564
14240091
3630676
5422088
1496738
2597243
2094803
2892431
1589201
2328356
2692803
1989115
2633027
2792841
2779727
3532028
12007315
2880536
2110847
1486361
1940118
2402444
1943743
911428
728753
1211599
2610261
904359
1652238
2051805
4914134
2651045
1267242
837084
1100950
2518576
1304874
766065
671672
2298158
2168152
1558873
1246960
955141
1713610
1688498
3260404
12479464
1103441
1493679
999763
1522029
1331032
2367636
2364215
1407661
989785
4436199
834012
1268248
1140417
1874901
2820660
2757202
1148110
1114671
730995
1340412
5026162
2210962
2164731
896826
1422535
1763954
2380278
1896964
879956
2129470
2781313
2925127
2686693
1599765
794178
1300044
1876742
1931776
2820208
1276831
2301596
2094104
2106800
1693465
2561858
3051238
1759820
2317895
3256664
3063569
1826334
6948944
3349610
3388731
1263820
2277229
2400628
1492793
1379051
867980
2718259
2537002
2018862
2151765
1615082
2588655
753518
724916
2631928
660721
4920069
6968026
1440103
7680771
1961718
3901226
1519944
3319221
3034540
1881026
4246131
1041502
2546346
15007986
1735407
2313562
12790344
1995036
1061407
4397098
3911248
3471375
4488420
2910724
2957767
6365496
1807465
5177968
5457117
10775523
3160496
4703846
1494070
1748864
1195124
2721740
2346821
17127510
2347793
2015223
883004
6330308
1604334
787443
1823275
1014561
2112859
7181254
2901753
1499616
715586
9343546
765230
2169059
999347
717706
2125075
5102723
2117494
812591
1547119
3051173
2273389
9109586
1307627
1958755
5219790
6874778
1747950
2143890
2185917
2171501
2203576
3054288
2970000
9231813
2069499
1822078
2945442
4063394
3158285
2942610
23366473
2511331
2611251
1159780
8179352
2646153
920639
4781675
1798317
23164874
2039667
1807756
1447592
4062742
1134434
789334
2114238
802189
929699
648216
3949468
2473171
871983
3611095
3016704
1689798
4487807
4564272
798404
5035021
1599289
1088944
1592670
1698154
4490408
1537379
13622407
1395724
11649084
916828
1037815
1884450
1994012
1604882
2493168
2620053
984257
1540171
1787933
1419283
4291969
4209940
940836
1312355
1748993
5744807
1381029
1173196
1728133
1687335
2902138
2433785
2408210
1033175
13315188
1391202
3001884
2452299
869835
31014097
4106066
862371
964883
1750858
2809522
2350269
855625
30052416
1869911
1389563
1063001
5135441
1645842
4763617
2691180
1622497
2371123
3187162
11598039
1507143
18218564
21493779
1539346
3020805
2112282
2757137
1066093
3018820
2131136
3440884
3255719
2969166
1283369
1430010
1822715
3989653
2426764
4159362
2312452
5634987
1039657
1459969
27707618
2579839
920524
3416616
3427518
2835667
29972134
789141
1463935
4028763
779841
4814417
2157835
1817318
4898516
2471525
2303767
1781701
1927977
5829860
1746309
3742800
992284
12340568
1784293
2250757
1511152
3455467
1191431
1554629
875036
1607488
1085701
2327890
1614028
4651650
3036405
2184256
4934880
1191313
1966979
2092408
5370423
1698927
1433279
1150072
2799056
1337255
1171305
4214225
6920149
3364149
3536438
980072
9187645
2194813
2042066
2336787
1730219
686004
1760521
1494137
1749655
2169140
4095117
820054
1082141
2375375
1269430
1674874
1208249
665273
1640256
1849526
1509600
2828949
1803671
1470244
1463349
1142721
1713812
1880005
835934
1857192
2082304
2159469
4268594
1823234
5230989
2448647
1393838
1999660
2134383
1598467
1519862
1820949
2029360
5726377
903797
671689
2524329
2403409
1176794
2883469
2150633
1690393
1139688
1656659
12803237
2704204
2794819
1626392
18139907
2944750
3161168
999717
934758
939049
3062476
4889138
1068959
1598264
1254192
1789856
1539387
3742332
3514516
1573032
1729404
782457
1364839
1792426
2913143
1500271
2558107
3596620
3147947
4326363
2838501
4618714
1750661
2676888
865222
4043849
2011999
1561931
826361
2174289
2944229
2773764
992454
2355589
715307
4317613
738201
711648
2028215
4631374
3127926
2735853
1765676
1750773
4934079
1908874
1740973
3563203
1343031
2464856
4575305
2676976
2973298
2005550
1803554
1263726
2410806
4066849
4229567
3512496
7871194
2018703
1456352
7091670
1712184
2431686
1207542
1904934
2646490
5169367
1516081
2558313
2403073
1654743
3509085
845556
1943401
1468204
4729343
2913716
1089719
3006244
2057309
22185147
2104686
1473026
4075822
994894
2152198
710663
15399113
2135986
2284103
1120647
2480984
5583398
1099627
1662823
1507024
1914902
968333
1992816
1871009
1248657
1192918
1244646
2159976
1946674
2382901
1156445
1701264
1569882
3308650
1182864
2506196
2075321
813289
2444510
1623013
1655313
1402225
2291364
1211181
1519189
2685191
3848538
1429330
2984699
798449
3272718
4483324
3868385
3941732
2388721
2061966
1885548
3712605
831492
1253027
6363595
1549537
3019148
2426928
11491274
2757983
2087350
2451190
2312184
3969757
3257079
2143404
1655142
1024141
2298140
2047850
1806344
1924827
1572608
12101808
969336
2868702
3734022
2030786
3861582
1927685
3490002
2227083
1024627
11026602
3866338
1922701
1657226
1408861
2609730
1614246
1816571
2063287
2854336
